  0.97146546E+00  0.13525977E-01  0.22786390E-02  0.21588854E-02  0.13980267E-02  0.87755039E-03  0.13980266E-02  0.21588272E-02  0.22337647E-02  0.15930781E-02  0.91176460E-03
  0.91176460E-03  0.97434131E+00  0.11988561E-01  0.21872948E-02  0.13980532E-02  0.87755040E-03  0.13980266E-02  0.21588272E-02  0.22337647E-02  0.15930781E-02  0.91176460E-03
  0.91176460E-03  0.15930781E-02  0.97716240E+00  0.97457952E-02  0.14139427E-02  0.87756065E-03  0.13980266E-02  0.21588272E-02  0.22337647E-02  0.15930781E-02  0.91176460E-03
  0.91176460E-03  0.15930781E-02  0.22337647E-02  0.97921710E+00  0.68633534E-02  0.88547780E-03  0.13980266E-02  0.21588272E-02  0.22337647E-02  0.15930781E-02  0.91176460E-03
  0.91176460E-03  0.15930781E-02  0.22337647E-02  0.21588272E-02  0.98014211E+00  0.46649985E-02  0.13980266E-02  0.21588272E-02  0.22337647E-02  0.15930781E-02  0.91176460E-03
  0.91176460E-03  0.15930781E-02  0.22337647E-02  0.21588272E-02  0.13980266E-02  0.98340908E+00  0.13980266E-02  0.21588272E-02  0.22337647E-02  0.15930781E-02  0.91176460E-03
  0.91176460E-03  0.15930781E-02  0.22337647E-02  0.21588272E-02  0.13980266E-02  0.46649985E-02  0.98014211E+00  0.21588272E-02  0.22337647E-02  0.15930781E-02  0.91176460E-03
  0.91176460E-03  0.15930781E-02  0.22337647E-02  0.21588272E-02  0.13980266E-02  0.88547780E-03  0.68633534E-02  0.97921710E+00  0.22337647E-02  0.15930781E-02  0.91176460E-03
  0.91176460E-03  0.15930781E-02  0.22337647E-02  0.21588272E-02  0.13980266E-02  0.87756065E-03  0.14139427E-02  0.97457952E-02  0.97716240E+00  0.15930781E-02  0.91176460E-03
  0.91176460E-03  0.15930781E-02  0.22337647E-02  0.21588272E-02  0.13980266E-02  0.87755040E-03  0.13980532E-02  0.21872948E-02  0.11988561E-01  0.97434131E+00  0.91176460E-03
  0.91176460E-03  0.15930781E-02  0.22337647E-02  0.21588272E-02  0.13980266E-02  0.87755039E-03  0.13980267E-02  0.21588854E-02  0.22786390E-02  0.13525977E-01  0.97146546E+00
