  0.99278621E+00  0.34496205E-02  0.56226925E-03  0.54278107E-03  0.35119420E-03  0.21982568E-03  0.35119420E-03  0.54278107E-03  0.56226925E-03  0.40135079E-03  0.23050229E-03
  0.23050229E-03  0.99351766E+00  0.30499415E-02  0.54278107E-03  0.35119420E-03  0.21982568E-03  0.35119420E-03  0.54278107E-03  0.56226925E-03  0.40135079E-03  0.23050229E-03
  0.23050229E-03  0.40135079E-03  0.99423462E+00  0.24744077E-02  0.35119420E-03  0.21982568E-03  0.35119420E-03  0.54278107E-03  0.56226925E-03  0.40135079E-03  0.23050229E-03
  0.23050229E-03  0.40135079E-03  0.56226925E-03  0.99475734E+00  0.17406188E-02  0.21982568E-03  0.35119420E-03  0.54278107E-03  0.56226925E-03  0.40135079E-03  0.23050229E-03
  0.23050229E-03  0.40135079E-03  0.56226925E-03  0.54278107E-03  0.99499432E+00  0.11806757E-02  0.35119420E-03  0.54278107E-03  0.56226925E-03  0.40135079E-03  0.23050229E-03
  0.23050229E-03  0.40135079E-03  0.56226925E-03  0.54278107E-03  0.35119420E-03  0.99582380E+00  0.35119420E-03  0.54278107E-03  0.56226925E-03  0.40135079E-03  0.23050229E-03
  0.23050229E-03  0.40135079E-03  0.56226925E-03  0.54278107E-03  0.35119420E-03  0.11806757E-02  0.99499432E+00  0.54278107E-03  0.56226925E-03  0.40135079E-03  0.23050229E-03
  0.23050229E-03  0.40135079E-03  0.56226925E-03  0.54278107E-03  0.35119420E-03  0.21982568E-03  0.17406188E-02  0.99475734E+00  0.56226925E-03  0.40135079E-03  0.23050229E-03
  0.23050229E-03  0.40135079E-03  0.56226925E-03  0.54278107E-03  0.35119420E-03  0.21982568E-03  0.35119420E-03  0.24744077E-02  0.99423462E+00  0.40135079E-03  0.23050229E-03
  0.23050229E-03  0.40135079E-03  0.56226925E-03  0.54278107E-03  0.35119420E-03  0.21982568E-03  0.35119420E-03  0.54278107E-03  0.30499415E-02  0.99351766E+00  0.23050229E-03
  0.23050229E-03  0.40135079E-03  0.56226925E-03  0.54278107E-03  0.35119420E-03  0.21982568E-03  0.35119420E-03  0.54278107E-03  0.56226925E-03  0.34496205E-02  0.99278621E+00
