  0.12637780E-02
  0.29393283E-02
  0.28436078E-01
  0.47823549E-02
  0.66137381E-01
  0.54259066E-02
  0.12637780E-02
  0.40831391E-02
  0.38258997E-02
  0.10760704E+00
  0.40831391E-02
  0.29393283E-02
  0.54259066E-02
  0.12208750E+00
  0.91874093E-01
  0.47823549E-02
  0.86085988E-01
  0.47823549E-02
  0.91874093E-01
  0.12208750E+00
  0.54259066E-02
  0.29393283E-02
  0.40831391E-02
  0.10760704E+00
  0.38258997E-02
  0.40831391E-02
  0.12637780E-02
  0.54259066E-02
  0.66137381E-01
  0.47823549E-02
  0.28436078E-01
  0.29393283E-02
  0.12637780E-02
