 -0.38196557E+01
 -0.31915024E+01
 -0.31407669E+01
 -0.25633490E+01
 -0.25126136E+01
 -0.24618781E+01
 -0.19351956E+01
 -0.18844602E+01
 -0.18337248E+01
 -0.13070422E+01
 -0.12563068E+01
 -0.12055714E+01
 -0.67888881E+00
 -0.62815339E+00
 -0.57741797E+00
 -0.50735419E-01
  0.00000000E+00
  0.50735419E-01
  0.57741797E+00
  0.62815339E+00
  0.67888881E+00
  0.12055714E+01
  0.12563068E+01
  0.13070422E+01
  0.18337248E+01
  0.18844602E+01
  0.19351956E+01
  0.24618781E+01
  0.25126136E+01
  0.25633490E+01
  0.31407669E+01
  0.31915024E+01
  0.38196557E+01
