 -0.10719157E+01  0.17621757E-01  0.99300381E+00  0.16626458E-02  0.21167170E-02  0.00000000E+00  0.21158946E-02  0.45628407E-01  0.00000000E+00  0.19487765E-02  0.00000000E+00  0.00000000E+00  0.21158946E-02  0.00000000E+00  0.00000000E+00  0.21167170E-02  0.00000000E+00  0.00000000E+00  0.16626458E-02  0.00000000E+00  0.00000000E+00  0.10609655E-02  0.00000000E+00  0.00000000E+00  0.00000000E+00  0.86143057E-03  0.00000000E+00  0.00000000E+00  0.00000000E+00  0.00000000E+00  0.00000000E+00  0.00000000E+00  0.00000000E+00
  0.86143057E-03 -0.10684753E+01  0.00000000E+00  0.14982609E-01  0.21167170E-02  0.99300381E+00  0.21158946E-02  0.00000000E+00  0.00000000E+00  0.19487765E-02  0.00000000E+00  0.45628407E-01  0.21158946E-02  0.00000000E+00  0.00000000E+00  0.21167170E-02  0.00000000E+00  0.00000000E+00  0.16626458E-02  0.00000000E+00  0.00000000E+00  0.10609655E-02  0.00000000E+00  0.00000000E+00  0.00000000E+00  0.86143057E-03  0.00000000E+00  0.00000000E+00  0.00000000E+00  0.00000000E+00  0.00000000E+00  0.00000000E+00  0.00000000E+00
  0.45628407E-01  0.00000000E+00 -0.12454026E+00  0.00000000E+00  0.00000000E+00  0.17621757E-01  0.00000000E+00  0.45628407E-01  0.16626458E-02  0.00000000E+00  0.21167170E-02  0.00000000E+00  0.00000000E+00  0.21158946E-02  0.00000000E+00  0.00000000E+00  0.19487765E-02  0.00000000E+00  0.00000000E+00  0.21158946E-02  0.00000000E+00  0.00000000E+00  0.21167170E-02  0.00000000E+00  0.16626458E-02  0.00000000E+00  0.00000000E+00  0.10609655E-02  0.00000000E+00  0.00000000E+00  0.86143057E-03  0.00000000E+00  0.00000000E+00
  0.86143057E-03  0.10609655E-02  0.00000000E+00 -0.10646384E+01  0.12201492E-01  0.00000000E+00  0.21158946E-02  0.00000000E+00  0.99300381E+00  0.19487765E-02  0.00000000E+00  0.00000000E+00  0.21158946E-02  0.00000000E+00  0.45628407E-01  0.21167170E-02  0.00000000E+00  0.00000000E+00  0.16626458E-02  0.00000000E+00  0.00000000E+00  0.10609655E-02  0.00000000E+00  0.00000000E+00  0.00000000E+00  0.86143057E-03  0.00000000E+00  0.00000000E+00  0.00000000E+00  0.00000000E+00  0.00000000E+00  0.00000000E+00  0.00000000E+00
  0.86143057E-03  0.10609655E-02  0.00000000E+00  0.16626458E-02 -0.10609666E+01  0.00000000E+00  0.89829519E-02  0.00000000E+00  0.00000000E+00  0.19487765E-02  0.99300381E+00  0.00000000E+00  0.21158946E-02  0.00000000E+00  0.00000000E+00  0.21167170E-02  0.00000000E+00  0.45628407E-01  0.16626458E-02  0.00000000E+00  0.00000000E+00  0.10609655E-02  0.00000000E+00  0.00000000E+00  0.00000000E+00  0.86143057E-03  0.00000000E+00  0.00000000E+00  0.00000000E+00  0.00000000E+00  0.00000000E+00  0.00000000E+00  0.00000000E+00
  0.00000000E+00  0.45628407E-01  0.86143057E-03  0.00000000E+00  0.00000000E+00 -0.12109990E+00  0.00000000E+00  0.00000000E+00  0.14982609E-01  0.00000000E+00  0.21167170E-02  0.45628407E-01  0.00000000E+00  0.21158946E-02  0.00000000E+00  0.00000000E+00  0.19487765E-02  0.00000000E+00  0.00000000E+00  0.21158946E-02  0.00000000E+00  0.00000000E+00  0.21167170E-02  0.00000000E+00  0.16626458E-02  0.00000000E+00  0.00000000E+00  0.10609655E-02  0.00000000E+00  0.00000000E+00  0.86143057E-03  0.00000000E+00  0.00000000E+00
  0.86143057E-03  0.10609655E-02  0.00000000E+00  0.16626458E-02  0.21167170E-02  0.00000000E+00 -0.10579438E+01  0.00000000E+00  0.00000000E+00  0.57921764E-02  0.00000000E+00  0.00000000E+00  0.21158946E-02  0.99300381E+00  0.00000000E+00  0.21167170E-02  0.00000000E+00  0.00000000E+00  0.16626458E-02  0.00000000E+00  0.45628407E-01  0.10609655E-02  0.00000000E+00  0.00000000E+00  0.00000000E+00  0.86143057E-03  0.00000000E+00  0.00000000E+00  0.00000000E+00  0.00000000E+00  0.00000000E+00  0.00000000E+00  0.00000000E+00
  0.45628407E-01  0.00000000E+00  0.99300381E+00  0.00000000E+00  0.00000000E+00  0.00000000E+00  0.00000000E+00 -0.10719157E+01  0.00000000E+00  0.00000000E+00  0.00000000E+00  0.17621757E-01  0.00000000E+00  0.00000000E+00  0.16626458E-02  0.00000000E+00  0.00000000E+00  0.21167170E-02  0.00000000E+00  0.00000000E+00  0.21158946E-02  0.00000000E+00  0.00000000E+00  0.19487765E-02  0.00000000E+00  0.00000000E+00  0.21158946E-02  0.00000000E+00  0.21167170E-02  0.16626458E-02  0.00000000E+00  0.10609655E-02  0.86143057E-03
  0.00000000E+00  0.00000000E+00  0.86143057E-03  0.45628407E-01  0.00000000E+00  0.10609655E-02  0.00000000E+00  0.00000000E+00 -0.11726303E+00  0.00000000E+00  0.12201492E-01  0.00000000E+00  0.00000000E+00  0.21158946E-02  0.45628407E-01  0.00000000E+00  0.19487765E-02  0.00000000E+00  0.00000000E+00  0.21158946E-02  0.00000000E+00  0.00000000E+00  0.21167170E-02  0.00000000E+00  0.16626458E-02  0.00000000E+00  0.00000000E+00  0.10609655E-02  0.00000000E+00  0.00000000E+00  0.86143057E-03  0.00000000E+00  0.00000000E+00
  0.86143057E-03  0.10609655E-02  0.00000000E+00  0.16626458E-02  0.21167170E-02  0.00000000E+00  0.21158946E-02  0.00000000E+00  0.00000000E+00 -0.10542675E+01  0.00000000E+00  0.00000000E+00  0.21158946E-02  0.00000000E+00  0.00000000E+00  0.21167170E-02  0.99300381E+00  0.00000000E+00  0.16626458E-02  0.00000000E+00  0.00000000E+00  0.10609655E-02  0.00000000E+00  0.45628407E-01  0.00000000E+00  0.86143057E-03  0.00000000E+00  0.00000000E+00  0.00000000E+00  0.00000000E+00  0.00000000E+00  0.00000000E+00  0.00000000E+00
  0.00000000E+00  0.00000000E+00  0.86143057E-03  0.00000000E+00  0.45628407E-01  0.10609655E-02  0.00000000E+00  0.00000000E+00  0.16626458E-02  0.00000000E+00 -0.11359124E+00  0.00000000E+00  0.00000000E+00  0.89829519E-02  0.00000000E+00  0.00000000E+00  0.19487765E-02  0.45628407E-01  0.00000000E+00  0.21158946E-02  0.00000000E+00  0.00000000E+00  0.21167170E-02  0.00000000E+00  0.16626458E-02  0.00000000E+00  0.00000000E+00  0.10609655E-02  0.00000000E+00  0.00000000E+00  0.86143057E-03  0.00000000E+00  0.00000000E+00
  0.00000000E+00  0.45628407E-01  0.00000000E+00  0.00000000E+00  0.00000000E+00  0.99300381E+00  0.00000000E+00  0.86143057E-03  0.00000000E+00  0.00000000E+00  0.00000000E+00 -0.10684753E+01  0.00000000E+00  0.00000000E+00  0.14982609E-01  0.00000000E+00  0.00000000E+00  0.21167170E-02  0.00000000E+00  0.00000000E+00  0.21158946E-02  0.00000000E+00  0.00000000E+00  0.19487765E-02  0.00000000E+00  0.00000000E+00  0.21158946E-02  0.00000000E+00  0.21167170E-02  0.16626458E-02  0.00000000E+00  0.10609655E-02  0.86143057E-03
  0.86143057E-03  0.10609655E-02  0.00000000E+00  0.16626458E-02  0.21167170E-02  0.00000000E+00  0.21158946E-02  0.00000000E+00  0.00000000E+00  0.57921764E-02  0.00000000E+00  0.00000000E+00 -0.10579438E+01  0.00000000E+00  0.00000000E+00  0.21167170E-02  0.00000000E+00  0.00000000E+00  0.16626458E-02  0.99300381E+00  0.00000000E+00  0.10609655E-02  0.00000000E+00  0.00000000E+00  0.00000000E+00  0.86143057E-03  0.45628407E-01  0.00000000E+00  0.00000000E+00  0.00000000E+00  0.00000000E+00  0.00000000E+00  0.00000000E+00
  0.00000000E+00  0.00000000E+00  0.86143057E-03  0.00000000E+00  0.00000000E+00  0.10609655E-02  0.45628407E-01  0.00000000E+00  0.16626458E-02  0.00000000E+00  0.21167170E-02  0.00000000E+00  0.00000000E+00 -0.11056840E+00  0.00000000E+00  0.00000000E+00  0.57921764E-02  0.00000000E+00  0.00000000E+00  0.21158946E-02  0.45628407E-01  0.00000000E+00  0.21167170E-02  0.00000000E+00  0.16626458E-02  0.00000000E+00  0.00000000E+00  0.10609655E-02  0.00000000E+00  0.00000000E+00  0.86143057E-03  0.00000000E+00  0.00000000E+00
  0.00000000E+00  0.00000000E+00  0.00000000E+00  0.45628407E-01  0.00000000E+00  0.00000000E+00  0.00000000E+00  0.86143057E-03  0.99300381E+00  0.00000000E+00  0.00000000E+00  0.10609655E-02  0.00000000E+00  0.00000000E+00 -0.10646384E+01  0.00000000E+00  0.00000000E+00  0.12201492E-01  0.00000000E+00  0.00000000E+00  0.21158946E-02  0.00000000E+00  0.00000000E+00  0.19487765E-02  0.00000000E+00  0.00000000E+00  0.21158946E-02  0.00000000E+00  0.21167170E-02  0.16626458E-02  0.00000000E+00  0.10609655E-02  0.86143057E-03
  0.86143057E-03  0.10609655E-02  0.00000000E+00  0.16626458E-02  0.21167170E-02  0.00000000E+00  0.21158946E-02  0.00000000E+00  0.00000000E+00  0.19487765E-02  0.00000000E+00  0.00000000E+00  0.89829519E-02  0.00000000E+00  0.00000000E+00 -0.10609666E+01  0.00000000E+00  0.00000000E+00  0.16626458E-02  0.00000000E+00  0.00000000E+00  0.10609655E-02  0.99300381E+00  0.00000000E+00  0.00000000E+00  0.86143057E-03  0.00000000E+00  0.00000000E+00  0.45628407E-01  0.00000000E+00  0.00000000E+00  0.00000000E+00  0.00000000E+00
  0.00000000E+00  0.00000000E+00  0.86143057E-03  0.00000000E+00  0.00000000E+00  0.10609655E-02  0.00000000E+00  0.00000000E+00  0.16626458E-02  0.45628407E-01  0.21167170E-02  0.00000000E+00  0.00000000E+00  0.21158946E-02  0.00000000E+00  0.00000000E+00 -0.10689212E+00  0.00000000E+00  0.00000000E+00  0.21158946E-02  0.00000000E+00  0.00000000E+00  0.21167170E-02  0.45628407E-01  0.16626458E-02  0.00000000E+00  0.00000000E+00  0.10609655E-02  0.00000000E+00  0.00000000E+00  0.86143057E-03  0.00000000E+00  0.00000000E+00
  0.00000000E+00  0.00000000E+00  0.00000000E+00  0.00000000E+00  0.45628407E-01  0.00000000E+00  0.00000000E+00  0.86143057E-03  0.00000000E+00  0.00000000E+00  0.99300381E+00  0.10609655E-02  0.00000000E+00  0.00000000E+00  0.16626458E-02  0.00000000E+00  0.00000000E+00 -0.10609666E+01  0.00000000E+00  0.00000000E+00  0.89829519E-02  0.00000000E+00  0.00000000E+00  0.19487765E-02  0.00000000E+00  0.00000000E+00  0.21158946E-02  0.00000000E+00  0.21167170E-02  0.16626458E-02  0.00000000E+00  0.10609655E-02  0.86143057E-03
  0.86143057E-03  0.10609655E-02  0.00000000E+00  0.16626458E-02  0.21167170E-02  0.00000000E+00  0.21158946E-02  0.00000000E+00  0.00000000E+00  0.19487765E-02  0.00000000E+00  0.00000000E+00  0.21158946E-02  0.00000000E+00  0.00000000E+00  0.12201492E-01  0.00000000E+00  0.00000000E+00 -0.10646384E+01  0.00000000E+00  0.00000000E+00  0.10609655E-02  0.00000000E+00  0.00000000E+00  0.99300381E+00  0.86143057E-03  0.00000000E+00  0.00000000E+00  0.00000000E+00  0.45628407E-01  0.00000000E+00  0.00000000E+00  0.00000000E+00
  0.00000000E+00  0.00000000E+00  0.86143057E-03  0.00000000E+00  0.00000000E+00  0.10609655E-02  0.00000000E+00  0.00000000E+00  0.16626458E-02  0.00000000E+00  0.21167170E-02  0.00000000E+00  0.45628407E-01  0.21158946E-02  0.00000000E+00  0.00000000E+00  0.57921764E-02  0.00000000E+00  0.00000000E+00 -0.11056840E+00  0.00000000E+00  0.00000000E+00  0.21167170E-02  0.00000000E+00  0.16626458E-02  0.00000000E+00  0.45628407E-01  0.10609655E-02  0.00000000E+00  0.00000000E+00  0.86143057E-03  0.00000000E+00  0.00000000E+00
  0.00000000E+00  0.00000000E+00  0.00000000E+00  0.00000000E+00  0.00000000E+00  0.00000000E+00  0.45628407E-01  0.86143057E-03  0.00000000E+00  0.00000000E+00  0.00000000E+00  0.10609655E-02  0.00000000E+00  0.99300381E+00  0.16626458E-02  0.00000000E+00  0.00000000E+00  0.21167170E-02  0.00000000E+00  0.00000000E+00 -0.10579438E+01  0.00000000E+00  0.00000000E+00  0.57921764E-02  0.00000000E+00  0.00000000E+00  0.21158946E-02  0.00000000E+00  0.21167170E-02  0.16626458E-02  0.00000000E+00  0.10609655E-02  0.86143057E-03
  0.86143057E-03  0.10609655E-02  0.00000000E+00  0.16626458E-02  0.21167170E-02  0.00000000E+00  0.21158946E-02  0.00000000E+00  0.00000000E+00  0.19487765E-02  0.00000000E+00  0.00000000E+00  0.21158946E-02  0.00000000E+00  0.00000000E+00  0.21167170E-02  0.00000000E+00  0.00000000E+00  0.14982609E-01  0.00000000E+00  0.00000000E+00 -0.10684753E+01  0.00000000E+00  0.00000000E+00  0.00000000E+00  0.86143057E-03  0.00000000E+00  0.99300381E+00  0.00000000E+00  0.00000000E+00  0.00000000E+00  0.45628407E-01  0.00000000E+00
  0.00000000E+00  0.00000000E+00  0.86143057E-03  0.00000000E+00  0.00000000E+00  0.10609655E-02  0.00000000E+00  0.00000000E+00  0.16626458E-02  0.00000000E+00  0.21167170E-02  0.00000000E+00  0.00000000E+00  0.21158946E-02  0.00000000E+00  0.45628407E-01  0.19487765E-02  0.00000000E+00  0.00000000E+00  0.89829519E-02  0.00000000E+00  0.00000000E+00 -0.11359124E+00  0.00000000E+00  0.16626458E-02  0.00000000E+00  0.00000000E+00  0.10609655E-02  0.45628407E-01  0.00000000E+00  0.86143057E-03  0.00000000E+00  0.00000000E+00
  0.00000000E+00  0.00000000E+00  0.00000000E+00  0.00000000E+00  0.00000000E+00  0.00000000E+00  0.00000000E+00  0.86143057E-03  0.00000000E+00  0.45628407E-01  0.00000000E+00  0.10609655E-02  0.00000000E+00  0.00000000E+00  0.16626458E-02  0.00000000E+00  0.99300381E+00  0.21167170E-02  0.00000000E+00  0.00000000E+00  0.21158946E-02  0.00000000E+00  0.00000000E+00 -0.10542675E+01  0.00000000E+00  0.00000000E+00  0.21158946E-02  0.00000000E+00  0.21167170E-02  0.16626458E-02  0.00000000E+00  0.10609655E-02  0.86143057E-03
  0.00000000E+00  0.00000000E+00  0.86143057E-03  0.00000000E+00  0.00000000E+00  0.10609655E-02  0.00000000E+00  0.00000000E+00  0.16626458E-02  0.00000000E+00  0.21167170E-02  0.00000000E+00  0.00000000E+00  0.21158946E-02  0.00000000E+00  0.00000000E+00  0.19487765E-02  0.00000000E+00  0.45628407E-01  0.21158946E-02  0.00000000E+00  0.00000000E+00  0.12201492E-01  0.00000000E+00 -0.11726303E+00  0.00000000E+00  0.00000000E+00  0.10609655E-02  0.00000000E+00  0.45628407E-01  0.86143057E-03  0.00000000E+00  0.00000000E+00
  0.86143057E-03  0.10609655E-02  0.00000000E+00  0.16626458E-02  0.21167170E-02  0.00000000E+00  0.21158946E-02  0.00000000E+00  0.00000000E+00  0.19487765E-02  0.00000000E+00  0.00000000E+00  0.21158946E-02  0.00000000E+00  0.00000000E+00  0.21167170E-02  0.00000000E+00  0.00000000E+00  0.16626458E-02  0.00000000E+00  0.00000000E+00  0.17621757E-01  0.00000000E+00  0.00000000E+00  0.00000000E+00 -0.10719157E+01  0.00000000E+00  0.00000000E+00  0.00000000E+00  0.00000000E+00  0.99300381E+00  0.00000000E+00  0.45628407E-01
  0.00000000E+00  0.00000000E+00  0.00000000E+00  0.00000000E+00  0.00000000E+00  0.00000000E+00  0.00000000E+00  0.86143057E-03  0.00000000E+00  0.00000000E+00  0.00000000E+00  0.10609655E-02  0.45628407E-01  0.00000000E+00  0.16626458E-02  0.00000000E+00  0.00000000E+00  0.21167170E-02  0.00000000E+00  0.99300381E+00  0.21158946E-02  0.00000000E+00  0.00000000E+00  0.57921764E-02  0.00000000E+00  0.00000000E+00 -0.10579438E+01  0.00000000E+00  0.21167170E-02  0.16626458E-02  0.00000000E+00  0.10609655E-02  0.86143057E-03
  0.00000000E+00  0.00000000E+00  0.86143057E-03  0.00000000E+00  0.00000000E+00  0.10609655E-02  0.00000000E+00  0.00000000E+00  0.16626458E-02  0.00000000E+00  0.21167170E-02  0.00000000E+00  0.00000000E+00  0.21158946E-02  0.00000000E+00  0.00000000E+00  0.19487765E-02  0.00000000E+00  0.00000000E+00  0.21158946E-02  0.00000000E+00  0.45628407E-01  0.21167170E-02  0.00000000E+00  0.14982609E-01  0.00000000E+00  0.00000000E+00 -0.12109990E+00  0.00000000E+00  0.00000000E+00  0.86143057E-03  0.45628407E-01  0.00000000E+00
  0.00000000E+00  0.00000000E+00  0.00000000E+00  0.00000000E+00  0.00000000E+00  0.00000000E+00  0.00000000E+00  0.86143057E-03  0.00000000E+00  0.00000000E+00  0.00000000E+00  0.10609655E-02  0.00000000E+00  0.00000000E+00  0.16626458E-02  0.45628407E-01  0.00000000E+00  0.21167170E-02  0.00000000E+00  0.00000000E+00  0.21158946E-02  0.00000000E+00  0.99300381E+00  0.19487765E-02  0.00000000E+00  0.00000000E+00  0.89829519E-02  0.00000000E+00 -0.10609666E+01  0.16626458E-02  0.00000000E+00  0.10609655E-02  0.86143057E-03
  0.00000000E+00  0.00000000E+00  0.00000000E+00  0.00000000E+00  0.00000000E+00  0.00000000E+00  0.00000000E+00  0.86143057E-03  0.00000000E+00  0.00000000E+00  0.00000000E+00  0.10609655E-02  0.00000000E+00  0.00000000E+00  0.16626458E-02  0.00000000E+00  0.00000000E+00  0.21167170E-02  0.45628407E-01  0.00000000E+00  0.21158946E-02  0.00000000E+00  0.00000000E+00  0.19487765E-02  0.99300381E+00  0.00000000E+00  0.21158946E-02  0.00000000E+00  0.12201492E-01 -0.10646384E+01  0.00000000E+00  0.10609655E-02  0.86143057E-03
  0.00000000E+00  0.00000000E+00  0.86143057E-03  0.00000000E+00  0.00000000E+00  0.10609655E-02  0.00000000E+00  0.00000000E+00  0.16626458E-02  0.00000000E+00  0.21167170E-02  0.00000000E+00  0.00000000E+00  0.21158946E-02  0.00000000E+00  0.00000000E+00  0.19487765E-02  0.00000000E+00  0.00000000E+00  0.21158946E-02  0.00000000E+00  0.00000000E+00  0.21167170E-02  0.00000000E+00  0.16626458E-02  0.45628407E-01  0.00000000E+00  0.17621757E-01  0.00000000E+00  0.00000000E+00 -0.12454026E+00  0.00000000E+00  0.45628407E-01
  0.00000000E+00  0.00000000E+00  0.00000000E+00  0.00000000E+00  0.00000000E+00  0.00000000E+00  0.00000000E+00  0.86143057E-03  0.00000000E+00  0.00000000E+00  0.00000000E+00  0.10609655E-02  0.00000000E+00  0.00000000E+00  0.16626458E-02  0.00000000E+00  0.00000000E+00  0.21167170E-02  0.00000000E+00  0.00000000E+00  0.21158946E-02  0.45628407E-01  0.00000000E+00  0.19487765E-02  0.00000000E+00  0.00000000E+00  0.21158946E-02  0.99300381E+00  0.21167170E-02  0.14982609E-01  0.00000000E+00 -0.10684753E+01  0.86143057E-03
  0.00000000E+00  0.00000000E+00  0.00000000E+00  0.00000000E+00  0.00000000E+00  0.00000000E+00  0.00000000E+00  0.86143057E-03  0.00000000E+00  0.00000000E+00  0.00000000E+00  0.10609655E-02  0.00000000E+00  0.00000000E+00  0.16626458E-02  0.00000000E+00  0.00000000E+00  0.21167170E-02  0.00000000E+00  0.00000000E+00  0.21158946E-02  0.00000000E+00  0.00000000E+00  0.19487765E-02  0.00000000E+00  0.45628407E-01  0.21158946E-02  0.00000000E+00  0.21167170E-02  0.16626458E-02  0.99300381E+00  0.17621757E-01 -0.10719157E+01
