  0.30272833E+00  0.42149688E-02  0.64028125E+00  0.71007010E-03  0.89148098E-02  0.67275247E-03  0.28455872E-01  0.43565345E-03  0.27346249E-03  0.15018237E-02  0.43565345E-03  0.39619884E-03  0.67273433E-03  0.14228955E-02  0.92142264E-03  0.69608638E-03  0.57838296E-03  0.66745202E-04  0.92142262E-03  0.14228572E-02  0.63237418E-04  0.49643544E-03  0.40950574E-04  0.14722476E-02  0.25704940E-04  0.40950573E-04  0.28412434E-03  0.63235713E-04  0.10499787E-02  0.65430760E-04  0.60093313E-03  0.46663961E-04  0.26707133E-04
  0.28412434E-03  0.30362451E+00  0.60093313E-03  0.37358788E-02  0.64217670E+00  0.68160540E-03  0.26707133E-04  0.43566172E-03  0.27346250E-03  0.79015172E-02  0.43565345E-03  0.28540111E-01  0.67273433E-03  0.14416198E-02  0.92144012E-03  0.69608638E-03  0.57838296E-03  0.35116531E-03  0.92142262E-03  0.14228572E-02  0.64069576E-04  0.49643544E-03  0.40951351E-04  0.14722476E-02  0.25704941E-04  0.40950573E-04  0.28412434E-03  0.63235713E-04  0.10499787E-02  0.65430760E-04  0.60093313E-03  0.46663961E-04  0.26707133E-04
  0.28455872E-01  0.39619884E-03  0.91455372E+00  0.66745202E-04  0.12733580E-01  0.63237418E-04  0.28455872E-01  0.40950574E-04  0.25704940E-04  0.21451485E-02  0.40950573E-04  0.39619884E-03  0.63235713E-04  0.20324106E-02  0.13161255E-02  0.65430760E-04  0.82614051E-03  0.66745202E-04  0.13161255E-02  0.20323558E-02  0.63237418E-04  0.46663961E-04  0.40950574E-04  0.21029032E-02  0.25704940E-04  0.40950573E-04  0.26707133E-04  0.63235713E-04  0.14997502E-02  0.65430760E-04  0.85835034E-03  0.46663961E-04  0.26707133E-04
  0.28412434E-03  0.49643544E-03  0.60093313E-03  0.30450361E+00  0.10499787E-02  0.30369874E-02  0.26707133E-04  0.44061323E-03  0.27346569E-03  0.64403604E+00  0.43565345E-03  0.46663961E-04  0.67273433E-03  0.64233369E-02  0.93191273E-03  0.69608638E-03  0.57838972E-03  0.28622745E-01  0.92142262E-03  0.14228572E-02  0.28547088E-03  0.49643544E-03  0.41416783E-04  0.14722476E-02  0.25705241E-04  0.40950573E-04  0.28412434E-03  0.63235713E-04  0.10499787E-02  0.65430760E-04  0.60093313E-03  0.46663961E-04  0.26707133E-04
  0.26707133E-04  0.28540111E-01  0.85835034E-03  0.35116531E-03  0.91726109E+00  0.64069576E-04  0.26707133E-04  0.40951351E-04  0.25704941E-04  0.11286231E-01  0.40950573E-04  0.28540111E-01  0.63235713E-04  0.20591556E-02  0.13161505E-02  0.65430760E-04  0.82614052E-03  0.35116531E-03  0.13161255E-02  0.20323558E-02  0.64069576E-04  0.46663961E-04  0.40951351E-04  0.21029032E-02  0.25704941E-04  0.40950573E-04  0.26707133E-04  0.63235713E-04  0.14997502E-02  0.65430760E-04  0.85835034E-03  0.46663961E-04  0.26707133E-04
  0.28412434E-03  0.49643544E-03  0.60093313E-03  0.69608638E-03  0.10499787E-02  0.30514390E+00  0.26707133E-04  0.21387601E-02  0.27593284E-03  0.14722476E-02  0.43565345E-03  0.46663961E-04  0.67273433E-03  0.64539027E+00  0.45235541E-02  0.69608638E-03  0.58360782E-03  0.65430760E-04  0.92142262E-03  0.14228572E-02  0.28682931E-01  0.49643544E-03  0.20103927E-03  0.14722476E-02  0.25937148E-04  0.40950573E-04  0.28412434E-03  0.63235713E-04  0.10499787E-02  0.65430760E-04  0.60093313E-03  0.46663961E-04  0.26707133E-04
  0.28455872E-01  0.39619884E-03  0.64028125E+00  0.66745202E-04  0.89148098E-02  0.63237418E-04  0.30272833E+00  0.40950574E-04  0.25704940E-04  0.15018237E-02  0.40950573E-04  0.42149688E-02  0.63235713E-04  0.14228955E-02  0.92142264E-03  0.65430760E-04  0.57838296E-03  0.71007010E-03  0.92142262E-03  0.14228572E-02  0.67275247E-03  0.46663961E-04  0.43565345E-03  0.14722476E-02  0.27346249E-03  0.43565345E-03  0.26707133E-04  0.67273433E-03  0.10499787E-02  0.69608638E-03  0.60093313E-03  0.49643544E-03  0.28412434E-03
  0.28412434E-03  0.49643544E-03  0.60093313E-03  0.69608638E-03  0.10499787E-02  0.67273433E-03  0.26707133E-04  0.30543215E+00  0.14537081E-02  0.14722476E-02  0.43565345E-03  0.46663961E-04  0.67273433E-03  0.14228572E-02  0.64599993E+00  0.69608638E-03  0.30746447E-02  0.65430760E-04  0.92142262E-03  0.14228572E-02  0.63235713E-04  0.49643544E-03  0.28710026E-01  0.14722476E-02  0.13664572E-03  0.40950573E-04  0.28412434E-03  0.63235713E-04  0.10499787E-02  0.65430760E-04  0.60093313E-03  0.46663961E-04  0.26707133E-04
  0.28412434E-03  0.49643544E-03  0.60093313E-03  0.69608638E-03  0.10499787E-02  0.67273433E-03  0.26707133E-04  0.43565345E-03  0.30645021E+00  0.14722476E-02  0.43565345E-03  0.46663961E-04  0.67273433E-03  0.14228572E-02  0.92142262E-03  0.69608638E-03  0.64815315E+00  0.65430760E-04  0.92142262E-03  0.14228572E-02  0.63235713E-04  0.49643544E-03  0.40950573E-04  0.14722476E-02  0.28805721E-01  0.40950573E-04  0.28412434E-03  0.63235713E-04  0.10499787E-02  0.65430760E-04  0.60093313E-03  0.46663961E-04  0.26707133E-04
  0.26707133E-04  0.46663961E-04  0.85835034E-03  0.28622745E-01  0.14997502E-02  0.28547088E-03  0.26707133E-04  0.41416783E-04  0.25705241E-04  0.91991691E+00  0.40950573E-04  0.46663961E-04  0.63235713E-04  0.91748534E-02  0.13311092E-02  0.65430760E-04  0.82615017E-03  0.28622745E-01  0.13161255E-02  0.20323558E-02  0.28547088E-03  0.46663961E-04  0.41416783E-04  0.21029032E-02  0.25705241E-04  0.40950573E-04  0.26707133E-04  0.63235713E-04  0.14997502E-02  0.65430760E-04  0.85835034E-03  0.46663961E-04  0.26707133E-04
  0.28412434E-03  0.49643544E-03  0.60093313E-03  0.69608638E-03  0.10499787E-02  0.67273433E-03  0.26707133E-04  0.43565345E-03  0.14537081E-02  0.14722476E-02  0.30543215E+00  0.46663961E-04  0.67273433E-03  0.14228572E-02  0.92142262E-03  0.69608638E-03  0.30746447E-02  0.65430760E-04  0.64599993E+00  0.14228572E-02  0.63235713E-04  0.49643544E-03  0.40950573E-04  0.14722476E-02  0.13664572E-03  0.28710026E-01  0.28412434E-03  0.63235713E-04  0.10499787E-02  0.65430760E-04  0.60093313E-03  0.46663961E-04  0.26707133E-04
  0.26707133E-04  0.28540111E-01  0.60093313E-03  0.35116531E-03  0.64217670E+00  0.64069576E-04  0.28412434E-03  0.40951351E-04  0.25704941E-04  0.79015172E-02  0.40950573E-04  0.30362451E+00  0.63235713E-04  0.14416198E-02  0.92144012E-03  0.65430760E-04  0.57838296E-03  0.37358788E-02  0.92142262E-03  0.14228572E-02  0.68160540E-03  0.46663961E-04  0.43566172E-03  0.14722476E-02  0.27346250E-03  0.43565345E-03  0.26707133E-04  0.67273433E-03  0.10499787E-02  0.69608638E-03  0.60093313E-03  0.49643544E-03  0.28412434E-03
  0.28412434E-03  0.49643544E-03  0.60093313E-03  0.69608638E-03  0.10499787E-02  0.67273433E-03  0.26707133E-04  0.43565345E-03  0.27593284E-03  0.14722476E-02  0.21387601E-02  0.46663961E-04  0.30514390E+00  0.14228572E-02  0.92142262E-03  0.69608638E-03  0.58360782E-03  0.65430760E-04  0.45235541E-02  0.64539027E+00  0.63235713E-04  0.49643544E-03  0.40950573E-04  0.14722476E-02  0.25937148E-04  0.20103927E-03  0.28412434E-03  0.28682931E-01  0.10499787E-02  0.65430760E-04  0.60093313E-03  0.46663961E-04  0.26707133E-04
  0.26707133E-04  0.46663961E-04  0.85835034E-03  0.65430760E-04  0.14997502E-02  0.28682931E-01  0.26707133E-04  0.20103927E-03  0.25937148E-04  0.21029032E-02  0.40950573E-04  0.46663961E-04  0.63235713E-04  0.92185124E+00  0.64612749E-02  0.65430760E-04  0.83360351E-03  0.65430760E-04  0.13161255E-02  0.20323558E-02  0.28682931E-01  0.46663961E-04  0.20103927E-03  0.21029032E-02  0.25937148E-04  0.40950573E-04  0.26707133E-04  0.63235713E-04  0.14997502E-02  0.65430760E-04  0.85835034E-03  0.46663961E-04  0.26707133E-04
  0.26707133E-04  0.46663961E-04  0.85835034E-03  0.65430760E-04  0.14997502E-02  0.63235713E-04  0.26707133E-04  0.28710026E-01  0.13664572E-03  0.21029032E-02  0.40950573E-04  0.46663961E-04  0.63235713E-04  0.20323558E-02  0.92272205E+00  0.65430760E-04  0.43917071E-02  0.65430760E-04  0.13161255E-02  0.20323558E-02  0.63235713E-04  0.46663961E-04  0.28710026E-01  0.21029032E-02  0.13664572E-03  0.40950573E-04  0.26707133E-04  0.63235713E-04  0.14997502E-02  0.65430760E-04  0.85835034E-03  0.46663961E-04  0.26707133E-04
  0.28412434E-03  0.49643544E-03  0.60093313E-03  0.69608638E-03  0.10499787E-02  0.67273433E-03  0.26707133E-04  0.43565345E-03  0.27346569E-03  0.14722476E-02  0.44061323E-03  0.46663961E-04  0.30369874E-02  0.14228572E-02  0.92142262E-03  0.30450361E+00  0.57838972E-03  0.65430760E-04  0.93191273E-03  0.64233369E-02  0.63235713E-04  0.49643544E-03  0.40950573E-04  0.64403604E+00  0.25705241E-04  0.41416783E-04  0.28412434E-03  0.28547088E-03  0.10499787E-02  0.28622745E-01  0.60093313E-03  0.46663961E-04  0.26707133E-04
  0.26707133E-04  0.46663961E-04  0.85835034E-03  0.65430760E-04  0.14997502E-02  0.63235713E-04  0.26707133E-04  0.40950573E-04  0.28805721E-01  0.21029032E-02  0.40950573E-04  0.46663961E-04  0.63235713E-04  0.20323558E-02  0.13161255E-02  0.65430760E-04  0.92579764E+00  0.65430760E-04  0.13161255E-02  0.20323558E-02  0.63235713E-04  0.46663961E-04  0.40950573E-04  0.21029032E-02  0.28805721E-01  0.40950573E-04  0.26707133E-04  0.63235713E-04  0.14997502E-02  0.65430760E-04  0.85835034E-03  0.46663961E-04  0.26707133E-04
  0.26707133E-04  0.46663961E-04  0.60093313E-03  0.28622745E-01  0.10499787E-02  0.28547088E-03  0.28412434E-03  0.41416783E-04  0.25705241E-04  0.64403604E+00  0.40950573E-04  0.49643544E-03  0.63235713E-04  0.64233369E-02  0.93191273E-03  0.65430760E-04  0.57838972E-03  0.30450361E+00  0.92142262E-03  0.14228572E-02  0.30369874E-02  0.46663961E-04  0.44061323E-03  0.14722476E-02  0.27346569E-03  0.43565345E-03  0.26707133E-04  0.67273433E-03  0.10499787E-02  0.69608638E-03  0.60093313E-03  0.49643544E-03  0.28412434E-03
  0.26707133E-04  0.46663961E-04  0.85835034E-03  0.65430760E-04  0.14997502E-02  0.63235713E-04  0.26707133E-04  0.40950573E-04  0.13664572E-03  0.21029032E-02  0.28710026E-01  0.46663961E-04  0.63235713E-04  0.20323558E-02  0.13161255E-02  0.65430760E-04  0.43917071E-02  0.65430760E-04  0.92272205E+00  0.20323558E-02  0.63235713E-04  0.46663961E-04  0.40950573E-04  0.21029032E-02  0.13664572E-03  0.28710026E-01  0.26707133E-04  0.63235713E-04  0.14997502E-02  0.65430760E-04  0.85835034E-03  0.46663961E-04  0.26707133E-04
  0.26707133E-04  0.46663961E-04  0.85835034E-03  0.65430760E-04  0.14997502E-02  0.63235713E-04  0.26707133E-04  0.40950573E-04  0.25937148E-04  0.21029032E-02  0.20103927E-03  0.46663961E-04  0.28682931E-01  0.20323558E-02  0.13161255E-02  0.65430760E-04  0.83360351E-03  0.65430760E-04  0.64612749E-02  0.92185124E+00  0.63235713E-04  0.46663961E-04  0.40950573E-04  0.21029032E-02  0.25937148E-04  0.20103927E-03  0.26707133E-04  0.28682931E-01  0.14997502E-02  0.65430760E-04  0.85835034E-03  0.46663961E-04  0.26707133E-04
  0.26707133E-04  0.46663961E-04  0.60093313E-03  0.65430760E-04  0.10499787E-02  0.28682931E-01  0.28412434E-03  0.20103927E-03  0.25937148E-04  0.14722476E-02  0.40950573E-04  0.49643544E-03  0.63235713E-04  0.64539027E+00  0.45235541E-02  0.65430760E-04  0.58360782E-03  0.69608638E-03  0.92142262E-03  0.14228572E-02  0.30514390E+00  0.46663961E-04  0.21387601E-02  0.14722476E-02  0.27593284E-03  0.43565345E-03  0.26707133E-04  0.67273433E-03  0.10499787E-02  0.69608638E-03  0.60093313E-03  0.49643544E-03  0.28412434E-03
  0.28412434E-03  0.49643544E-03  0.60093313E-03  0.69608638E-03  0.10499787E-02  0.67273433E-03  0.26707133E-04  0.43565345E-03  0.27346250E-03  0.14722476E-02  0.43566172E-03  0.46663961E-04  0.68160540E-03  0.14228572E-02  0.92142262E-03  0.37358788E-02  0.57838296E-03  0.65430760E-04  0.92144012E-03  0.14416198E-02  0.63235713E-04  0.30362451E+00  0.40950573E-04  0.79015172E-02  0.25704941E-04  0.40951351E-04  0.28412434E-03  0.64069576E-04  0.64217670E+00  0.35116531E-03  0.60093313E-03  0.28540111E-01  0.26707133E-04
  0.26707133E-04  0.46663961E-04  0.60093313E-03  0.65430760E-04  0.10499787E-02  0.63235713E-04  0.28412434E-03  0.28710026E-01  0.13664572E-03  0.14722476E-02  0.40950573E-04  0.49643544E-03  0.63235713E-04  0.14228572E-02  0.64599993E+00  0.65430760E-04  0.30746447E-02  0.69608638E-03  0.92142262E-03  0.14228572E-02  0.67273433E-03  0.46663961E-04  0.30543215E+00  0.14722476E-02  0.14537081E-02  0.43565345E-03  0.26707133E-04  0.67273433E-03  0.10499787E-02  0.69608638E-03  0.60093313E-03  0.49643544E-03  0.28412434E-03
  0.26707133E-04  0.46663961E-04  0.85835034E-03  0.65430760E-04  0.14997502E-02  0.63235713E-04  0.26707133E-04  0.40950573E-04  0.25705241E-04  0.21029032E-02  0.41416783E-04  0.46663961E-04  0.28547088E-03  0.20323558E-02  0.13161255E-02  0.28622745E-01  0.82615017E-03  0.65430760E-04  0.13311092E-02  0.91748534E-02  0.63235713E-04  0.46663961E-04  0.40950573E-04  0.91991691E+00  0.25705241E-04  0.41416783E-04  0.26707133E-04  0.28547088E-03  0.14997502E-02  0.28622745E-01  0.85835034E-03  0.46663961E-04  0.26707133E-04
  0.26707133E-04  0.46663961E-04  0.60093313E-03  0.65430760E-04  0.10499787E-02  0.63235713E-04  0.28412434E-03  0.40950573E-04  0.28805721E-01  0.14722476E-02  0.40950573E-04  0.49643544E-03  0.63235713E-04  0.14228572E-02  0.92142262E-03  0.65430760E-04  0.64815315E+00  0.69608638E-03  0.92142262E-03  0.14228572E-02  0.67273433E-03  0.46663961E-04  0.43565345E-03  0.14722476E-02  0.30645021E+00  0.43565345E-03  0.26707133E-04  0.67273433E-03  0.10499787E-02  0.69608638E-03  0.60093313E-03  0.49643544E-03  0.28412434E-03
  0.26707133E-04  0.46663961E-04  0.60093313E-03  0.65430760E-04  0.10499787E-02  0.63235713E-04  0.28412434E-03  0.40950573E-04  0.13664572E-03  0.14722476E-02  0.28710026E-01  0.49643544E-03  0.63235713E-04  0.14228572E-02  0.92142262E-03  0.65430760E-04  0.30746447E-02  0.69608638E-03  0.64599993E+00  0.14228572E-02  0.67273433E-03  0.46663961E-04  0.43565345E-03  0.14722476E-02  0.14537081E-02  0.30543215E+00  0.26707133E-04  0.67273433E-03  0.10499787E-02  0.69608638E-03  0.60093313E-03  0.49643544E-03  0.28412434E-03
  0.28412434E-03  0.49643544E-03  0.60093313E-03  0.69608638E-03  0.10499787E-02  0.67273433E-03  0.26707133E-04  0.43565345E-03  0.27346249E-03  0.14722476E-02  0.43565345E-03  0.46663961E-04  0.67275247E-03  0.14228572E-02  0.92142262E-03  0.71007010E-03  0.57838296E-03  0.65430760E-04  0.92142264E-03  0.14228955E-02  0.63235713E-04  0.42149688E-02  0.40950573E-04  0.15018237E-02  0.25704940E-04  0.40950574E-04  0.30272833E+00  0.63237418E-04  0.89148098E-02  0.66745202E-04  0.64028125E+00  0.39619884E-03  0.28455872E-01
  0.26707133E-04  0.46663961E-04  0.60093313E-03  0.65430760E-04  0.10499787E-02  0.63235713E-04  0.28412434E-03  0.40950573E-04  0.25937148E-04  0.14722476E-02  0.20103927E-03  0.49643544E-03  0.28682931E-01  0.14228572E-02  0.92142262E-03  0.65430760E-04  0.58360782E-03  0.69608638E-03  0.45235541E-02  0.64539027E+00  0.67273433E-03  0.46663961E-04  0.43565345E-03  0.14722476E-02  0.27593284E-03  0.21387601E-02  0.26707133E-04  0.30514390E+00  0.10499787E-02  0.69608638E-03  0.60093313E-03  0.49643544E-03  0.28412434E-03
  0.26707133E-04  0.46663961E-04  0.85835034E-03  0.65430760E-04  0.14997502E-02  0.63235713E-04  0.26707133E-04  0.40950573E-04  0.25704941E-04  0.21029032E-02  0.40951351E-04  0.46663961E-04  0.64069576E-04  0.20323558E-02  0.13161255E-02  0.35116531E-03  0.82614052E-03  0.65430760E-04  0.13161505E-02  0.20591556E-02  0.63235713E-04  0.28540111E-01  0.40950573E-04  0.11286231E-01  0.25704941E-04  0.40951351E-04  0.26707133E-04  0.64069576E-04  0.91726109E+00  0.35116531E-03  0.85835034E-03  0.28540111E-01  0.26707133E-04
  0.26707133E-04  0.46663961E-04  0.60093313E-03  0.65430760E-04  0.10499787E-02  0.63235713E-04  0.28412434E-03  0.40950573E-04  0.25705241E-04  0.14722476E-02  0.41416783E-04  0.49643544E-03  0.28547088E-03  0.14228572E-02  0.92142262E-03  0.28622745E-01  0.57838972E-03  0.69608638E-03  0.93191273E-03  0.64233369E-02  0.67273433E-03  0.46663961E-04  0.43565345E-03  0.64403604E+00  0.27346569E-03  0.44061323E-03  0.26707133E-04  0.30369874E-02  0.10499787E-02  0.30450361E+00  0.60093313E-03  0.49643544E-03  0.28412434E-03
  0.26707133E-04  0.46663961E-04  0.85835034E-03  0.65430760E-04  0.14997502E-02  0.63235713E-04  0.26707133E-04  0.40950573E-04  0.25704940E-04  0.21029032E-02  0.40950574E-04  0.46663961E-04  0.63237418E-04  0.20323558E-02  0.13161255E-02  0.66745202E-04  0.82614051E-03  0.65430760E-04  0.13161255E-02  0.20324106E-02  0.63235713E-04  0.39619884E-03  0.40950573E-04  0.21451485E-02  0.25704940E-04  0.40950574E-04  0.28455872E-01  0.63237418E-04  0.12733580E-01  0.66745202E-04  0.91455372E+00  0.39619884E-03  0.28455872E-01
  0.26707133E-04  0.46663961E-04  0.60093313E-03  0.65430760E-04  0.10499787E-02  0.63235713E-04  0.28412434E-03  0.40950573E-04  0.25704941E-04  0.14722476E-02  0.40951351E-04  0.49643544E-03  0.64069576E-04  0.14228572E-02  0.92142262E-03  0.35116531E-03  0.57838296E-03  0.69608638E-03  0.92144012E-03  0.14416198E-02  0.67273433E-03  0.28540111E-01  0.43565345E-03  0.79015172E-02  0.27346250E-03  0.43566172E-03  0.26707133E-04  0.68160540E-03  0.64217670E+00  0.37358788E-02  0.60093313E-03  0.30362451E+00  0.28412434E-03
  0.26707133E-04  0.46663961E-04  0.60093313E-03  0.65430760E-04  0.10499787E-02  0.63235713E-04  0.28412434E-03  0.40950573E-04  0.25704940E-04  0.14722476E-02  0.40950574E-04  0.49643544E-03  0.63237418E-04  0.14228572E-02  0.92142262E-03  0.66745202E-04  0.57838296E-03  0.69608638E-03  0.92142264E-03  0.14228955E-02  0.67273433E-03  0.39619884E-03  0.43565345E-03  0.15018237E-02  0.27346249E-03  0.43565345E-03  0.28455872E-01  0.67275247E-03  0.89148098E-02  0.71007010E-03  0.64028125E+00  0.42149688E-02  0.30272833E+00
