  0.96999489E+00  0.19172086E-01  0.10212651E-02  0.13581651E-02  0.17078634E-02  0.18386002E-02  0.17078633E-02  0.13579585E-02  0.91372573E-03  0.52264022E-03  0.40494550E-03
  0.40494550E-03  0.97383838E+00  0.15880344E-01  0.14226549E-02  0.17079462E-02  0.18386002E-02  0.17078633E-02  0.13579585E-02  0.91372573E-03  0.52264022E-03  0.40494550E-03
  0.40494550E-03  0.52264022E-03  0.97796568E+00  0.12620655E-01  0.17403246E-02  0.18386211E-02  0.17078633E-02  0.13579585E-02  0.91372573E-03  0.52264022E-03  0.40494550E-03
  0.40494550E-03  0.52264022E-03  0.91372573E-03  0.98215593E+00  0.92461064E-02  0.18495229E-02  0.17078633E-02  0.13579585E-02  0.91372573E-03  0.52264022E-03  0.40494550E-03
  0.40494550E-03  0.52264022E-03  0.91372573E-03  0.13579585E-02  0.98625074E+00  0.56428575E-02  0.17078633E-02  0.13579585E-02  0.91372573E-03  0.52264022E-03  0.40494550E-03
  0.40494550E-03  0.52264022E-03  0.91372573E-03  0.13579585E-02  0.17078633E-02  0.99018573E+00  0.17078633E-02  0.13579585E-02  0.91372573E-03  0.52264022E-03  0.40494550E-03
  0.40494550E-03  0.52264022E-03  0.91372573E-03  0.13579585E-02  0.17078633E-02  0.56428575E-02  0.98625074E+00  0.13579585E-02  0.91372573E-03  0.52264022E-03  0.40494550E-03
  0.40494550E-03  0.52264022E-03  0.91372573E-03  0.13579585E-02  0.17078633E-02  0.18495229E-02  0.92461064E-02  0.98215593E+00  0.91372573E-03  0.52264022E-03  0.40494550E-03
  0.40494550E-03  0.52264022E-03  0.91372573E-03  0.13579585E-02  0.17078633E-02  0.18386211E-02  0.17403246E-02  0.12620655E-01  0.97796568E+00  0.52264022E-03  0.40494550E-03
  0.40494550E-03  0.52264022E-03  0.91372573E-03  0.13579585E-02  0.17078633E-02  0.18386002E-02  0.17079462E-02  0.14226549E-02  0.15880344E-01  0.97383838E+00  0.40494550E-03
  0.40494550E-03  0.52264022E-03  0.91372573E-03  0.13579585E-02  0.17078633E-02  0.18386002E-02  0.17078634E-02  0.13581651E-02  0.10212651E-02  0.19172086E-01  0.96999489E+00
