  0.99241163E+00  0.48960045E-02  0.22967115E-03  0.34097473E-03  0.42848538E-03  0.46043620E-03  0.42848538E-03  0.34097473E-03  0.22967115E-03  0.13125595E-03  0.10241177E-03
  0.10241177E-03  0.99339238E+00  0.40425163E-02  0.34097473E-03  0.42848538E-03  0.46043620E-03  0.42848538E-03  0.34097473E-03  0.22967115E-03  0.13125595E-03  0.10241177E-03
  0.10241177E-03  0.13125595E-03  0.99444262E+00  0.32019934E-02  0.42848538E-03  0.46043620E-03  0.42848538E-03  0.34097473E-03  0.22967115E-03  0.13125595E-03  0.10241177E-03
  0.10241177E-03  0.13125595E-03  0.22967115E-03  0.99550551E+00  0.23379191E-02  0.46043620E-03  0.42848538E-03  0.34097473E-03  0.22967115E-03  0.13125595E-03  0.10241177E-03
  0.10241177E-03  0.13125595E-03  0.22967115E-03  0.34097473E-03  0.99654160E+00  0.14212862E-02  0.42848538E-03  0.34097473E-03  0.22967115E-03  0.13125595E-03  0.10241177E-03
  0.10241177E-03  0.13125595E-03  0.22967115E-03  0.34097473E-03  0.42848538E-03  0.99753440E+00  0.42848538E-03  0.34097473E-03  0.22967115E-03  0.13125595E-03  0.10241177E-03
  0.10241177E-03  0.13125595E-03  0.22967115E-03  0.34097473E-03  0.42848538E-03  0.14212862E-02  0.99654160E+00  0.34097473E-03  0.22967115E-03  0.13125595E-03  0.10241177E-03
  0.10241177E-03  0.13125595E-03  0.22967115E-03  0.34097473E-03  0.42848538E-03  0.46043620E-03  0.23379191E-02  0.99550551E+00  0.22967115E-03  0.13125595E-03  0.10241177E-03
  0.10241177E-03  0.13125595E-03  0.22967115E-03  0.34097473E-03  0.42848538E-03  0.46043620E-03  0.42848538E-03  0.32019934E-02  0.99444262E+00  0.13125595E-03  0.10241177E-03
  0.10241177E-03  0.13125595E-03  0.22967115E-03  0.34097473E-03  0.42848538E-03  0.46043620E-03  0.42848538E-03  0.34097473E-03  0.40425163E-02  0.99339238E+00  0.10241177E-03
  0.10241177E-03  0.13125595E-03  0.22967115E-03  0.34097473E-03  0.42848538E-03  0.46043620E-03  0.42848538E-03  0.34097473E-03  0.22967115E-03  0.48960045E-02  0.99241163E+00
