  0.40124518E-03
  0.87059877E-03
  0.17694585E-02
  0.31717229E-02
  0.12513679E-01
  0.48798407E-02
  0.27151463E-01
  0.79464448E-02
  0.55184305E-01
  0.48798407E-02
  0.98916886E-01
  0.31717229E-02
  0.40124518E-03
  0.15218815E+00
  0.17694585E-02
  0.87059877E-03
  0.24782668E+00
  0.87059877E-03
  0.17694585E-02
  0.15218815E+00
  0.40124518E-03
  0.31717229E-02
  0.98916886E-01
  0.48798407E-02
  0.55184305E-01
  0.79464448E-02
  0.27151463E-01
  0.48798407E-02
  0.12513679E-01
  0.31717229E-02
  0.17694585E-02
  0.87059877E-03
  0.40124518E-03
