 -0.40235431E+01
 -0.35625223E+01
 -0.31025832E+01
 -0.26440948E+01
 -0.22861511E+01
 -0.21878311E+01
 -0.18251303E+01
 -0.17373920E+01
 -0.13651912E+01
 -0.12869529E+01
 -0.90670281E+00
 -0.83068919E+00
 -0.54875913E+00
 -0.45043906E+00
 -0.37220076E+00
 -0.87738311E-01
  0.00000000E+00
  0.87738311E-01
  0.37220076E+00
  0.45043906E+00
  0.54875913E+00
  0.83068919E+00
  0.90670281E+00
  0.12869529E+01
  0.13651912E+01
  0.17373920E+01
  0.18251303E+01
  0.21878311E+01
  0.22861511E+01
  0.26440948E+01
  0.31025832E+01
  0.35625223E+01
  0.40235431E+01
