 -0.11018720E+01  0.19584018E-01  0.91868459E-03  0.13638989E-02  0.10382282E+01  0.17139415E-02  0.00000000E+00  0.18417448E-02  0.00000000E+00  0.17139415E-02  0.00000000E+00  0.13638989E-02  0.33290294E-01  0.00000000E+00  0.91868459E-03  0.00000000E+00  0.00000000E+00  0.52502381E-03  0.00000000E+00  0.00000000E+00  0.40964707E-03  0.00000000E+00  0.00000000E+00  0.00000000E+00  0.00000000E+00  0.00000000E+00  0.00000000E+00  0.00000000E+00  0.00000000E+00  0.00000000E+00  0.00000000E+00  0.00000000E+00  0.00000000E+00
  0.40964707E-03 -0.10979490E+01  0.16170065E-01  0.13638989E-02  0.00000000E+00  0.17139415E-02  0.10382282E+01  0.18417448E-02  0.00000000E+00  0.17139415E-02  0.00000000E+00  0.13638989E-02  0.00000000E+00  0.00000000E+00  0.91868459E-03  0.33290294E-01  0.00000000E+00  0.52502381E-03  0.00000000E+00  0.00000000E+00  0.40964707E-03  0.00000000E+00  0.00000000E+00  0.00000000E+00  0.00000000E+00  0.00000000E+00  0.00000000E+00  0.00000000E+00  0.00000000E+00  0.00000000E+00  0.00000000E+00  0.00000000E+00  0.00000000E+00
  0.40964707E-03  0.52502381E-03 -0.10937480E+01  0.12807974E-01  0.00000000E+00  0.17139415E-02  0.00000000E+00  0.18417448E-02  0.10382282E+01  0.17139415E-02  0.00000000E+00  0.13638989E-02  0.00000000E+00  0.00000000E+00  0.91868459E-03  0.00000000E+00  0.00000000E+00  0.52502381E-03  0.33290294E-01  0.00000000E+00  0.40964707E-03  0.00000000E+00  0.00000000E+00  0.00000000E+00  0.00000000E+00  0.00000000E+00  0.00000000E+00  0.00000000E+00  0.00000000E+00  0.00000000E+00  0.00000000E+00  0.00000000E+00  0.00000000E+00
  0.40964707E-03  0.52502381E-03  0.91868459E-03 -0.10894965E+01  0.00000000E+00  0.93516763E-02  0.00000000E+00  0.18417448E-02  0.00000000E+00  0.17139415E-02  0.10382282E+01  0.13638989E-02  0.00000000E+00  0.00000000E+00  0.91868459E-03  0.00000000E+00  0.00000000E+00  0.52502381E-03  0.00000000E+00  0.00000000E+00  0.40964707E-03  0.33290294E-01  0.00000000E+00  0.00000000E+00  0.00000000E+00  0.00000000E+00  0.00000000E+00  0.00000000E+00  0.00000000E+00  0.00000000E+00  0.00000000E+00  0.00000000E+00  0.00000000E+00
  0.33290294E-01  0.00000000E+00  0.00000000E+00  0.00000000E+00 -0.96934072E-01  0.00000000E+00  0.19584018E-01  0.00000000E+00  0.91868459E-03  0.00000000E+00  0.13638989E-02  0.00000000E+00  0.33290294E-01  0.17139415E-02  0.00000000E+00  0.00000000E+00  0.18417448E-02  0.00000000E+00  0.00000000E+00  0.17139415E-02  0.00000000E+00  0.00000000E+00  0.13638989E-02  0.00000000E+00  0.91868459E-03  0.00000000E+00  0.52502381E-03  0.00000000E+00  0.40964707E-03  0.00000000E+00  0.00000000E+00  0.00000000E+00  0.00000000E+00
  0.40964707E-03  0.52502381E-03  0.91868459E-03  0.13638989E-02  0.00000000E+00 -0.10853521E+01  0.00000000E+00  0.56851447E-02  0.00000000E+00  0.17139415E-02  0.00000000E+00  0.13638989E-02  0.00000000E+00  0.10382282E+01  0.91868459E-03  0.00000000E+00  0.00000000E+00  0.52502381E-03  0.00000000E+00  0.00000000E+00  0.40964707E-03  0.00000000E+00  0.00000000E+00  0.33290294E-01  0.00000000E+00  0.00000000E+00  0.00000000E+00  0.00000000E+00  0.00000000E+00  0.00000000E+00  0.00000000E+00  0.00000000E+00  0.00000000E+00
  0.00000000E+00  0.33290294E-01  0.00000000E+00  0.00000000E+00  0.40964707E-03  0.00000000E+00 -0.93011081E-01  0.00000000E+00  0.16170065E-01  0.00000000E+00  0.13638989E-02  0.00000000E+00  0.00000000E+00  0.17139415E-02  0.00000000E+00  0.33290294E-01  0.18417448E-02  0.00000000E+00  0.00000000E+00  0.17139415E-02  0.00000000E+00  0.00000000E+00  0.13638989E-02  0.00000000E+00  0.91868459E-03  0.00000000E+00  0.52502381E-03  0.00000000E+00  0.40964707E-03  0.00000000E+00  0.00000000E+00  0.00000000E+00  0.00000000E+00
  0.40964707E-03  0.52502381E-03  0.91868459E-03  0.13638989E-02  0.00000000E+00  0.17139415E-02  0.00000000E+00 -0.10813809E+01  0.00000000E+00  0.17139415E-02  0.00000000E+00  0.13638989E-02  0.00000000E+00  0.00000000E+00  0.91868459E-03  0.00000000E+00  0.10382282E+01  0.52502381E-03  0.00000000E+00  0.00000000E+00  0.40964707E-03  0.00000000E+00  0.00000000E+00  0.00000000E+00  0.00000000E+00  0.33290294E-01  0.00000000E+00  0.00000000E+00  0.00000000E+00  0.00000000E+00  0.00000000E+00  0.00000000E+00  0.00000000E+00
  0.00000000E+00  0.00000000E+00  0.33290294E-01  0.00000000E+00  0.40964707E-03  0.00000000E+00  0.52502381E-03  0.00000000E+00 -0.88810115E-01  0.00000000E+00  0.12807974E-01  0.00000000E+00  0.00000000E+00  0.17139415E-02  0.00000000E+00  0.00000000E+00  0.18417448E-02  0.00000000E+00  0.33290294E-01  0.17139415E-02  0.00000000E+00  0.00000000E+00  0.13638989E-02  0.00000000E+00  0.91868459E-03  0.00000000E+00  0.52502381E-03  0.00000000E+00  0.40964707E-03  0.00000000E+00  0.00000000E+00  0.00000000E+00  0.00000000E+00
  0.40964707E-03  0.52502381E-03  0.91868459E-03  0.13638989E-02  0.00000000E+00  0.17139415E-02  0.00000000E+00  0.56851447E-02  0.00000000E+00 -0.10853521E+01  0.00000000E+00  0.13638989E-02  0.00000000E+00  0.00000000E+00  0.91868459E-03  0.00000000E+00  0.00000000E+00  0.52502381E-03  0.00000000E+00  0.10382282E+01  0.40964707E-03  0.00000000E+00  0.00000000E+00  0.00000000E+00  0.00000000E+00  0.00000000E+00  0.00000000E+00  0.33290294E-01  0.00000000E+00  0.00000000E+00  0.00000000E+00  0.00000000E+00  0.00000000E+00
  0.00000000E+00  0.00000000E+00  0.00000000E+00  0.33290294E-01  0.40964707E-03  0.00000000E+00  0.52502381E-03  0.00000000E+00  0.91868459E-03  0.00000000E+00 -0.84558560E-01  0.00000000E+00  0.00000000E+00  0.93516763E-02  0.00000000E+00  0.00000000E+00  0.18417448E-02  0.00000000E+00  0.00000000E+00  0.17139415E-02  0.00000000E+00  0.33290294E-01  0.13638989E-02  0.00000000E+00  0.91868459E-03  0.00000000E+00  0.52502381E-03  0.00000000E+00  0.40964707E-03  0.00000000E+00  0.00000000E+00  0.00000000E+00  0.00000000E+00
  0.40964707E-03  0.52502381E-03  0.91868459E-03  0.13638989E-02  0.00000000E+00  0.17139415E-02  0.00000000E+00  0.18417448E-02  0.00000000E+00  0.93516763E-02  0.00000000E+00 -0.10894965E+01  0.00000000E+00  0.00000000E+00  0.91868459E-03  0.00000000E+00  0.00000000E+00  0.52502381E-03  0.00000000E+00  0.00000000E+00  0.40964707E-03  0.00000000E+00  0.10382282E+01  0.00000000E+00  0.00000000E+00  0.00000000E+00  0.00000000E+00  0.00000000E+00  0.00000000E+00  0.33290294E-01  0.00000000E+00  0.00000000E+00  0.00000000E+00
  0.33290294E-01  0.00000000E+00  0.00000000E+00  0.00000000E+00  0.10382282E+01  0.00000000E+00  0.00000000E+00  0.00000000E+00  0.00000000E+00  0.00000000E+00  0.00000000E+00  0.00000000E+00 -0.11018720E+01  0.00000000E+00  0.00000000E+00  0.19584018E-01  0.00000000E+00  0.00000000E+00  0.91868459E-03  0.00000000E+00  0.00000000E+00  0.13638989E-02  0.00000000E+00  0.17139415E-02  0.00000000E+00  0.18417448E-02  0.00000000E+00  0.17139415E-02  0.00000000E+00  0.13638989E-02  0.91868459E-03  0.52502381E-03  0.40964707E-03
  0.00000000E+00  0.00000000E+00  0.00000000E+00  0.00000000E+00  0.40964707E-03  0.33290294E-01  0.52502381E-03  0.00000000E+00  0.91868459E-03  0.00000000E+00  0.13638989E-02  0.00000000E+00  0.00000000E+00 -0.80414183E-01  0.00000000E+00  0.00000000E+00  0.56851447E-02  0.00000000E+00  0.00000000E+00  0.17139415E-02  0.00000000E+00  0.00000000E+00  0.13638989E-02  0.33290294E-01  0.91868459E-03  0.00000000E+00  0.52502381E-03  0.00000000E+00  0.40964707E-03  0.00000000E+00  0.00000000E+00  0.00000000E+00  0.00000000E+00
  0.40964707E-03  0.52502381E-03  0.91868459E-03  0.13638989E-02  0.00000000E+00  0.17139415E-02  0.00000000E+00  0.18417448E-02  0.00000000E+00  0.17139415E-02  0.00000000E+00  0.12807974E-01  0.00000000E+00  0.00000000E+00 -0.10937480E+01  0.00000000E+00  0.00000000E+00  0.52502381E-03  0.00000000E+00  0.00000000E+00  0.40964707E-03  0.00000000E+00  0.00000000E+00  0.00000000E+00  0.10382282E+01  0.00000000E+00  0.00000000E+00  0.00000000E+00  0.00000000E+00  0.00000000E+00  0.33290294E-01  0.00000000E+00  0.00000000E+00
  0.00000000E+00  0.33290294E-01  0.00000000E+00  0.00000000E+00  0.00000000E+00  0.00000000E+00  0.10382282E+01  0.00000000E+00  0.00000000E+00  0.00000000E+00  0.00000000E+00  0.00000000E+00  0.40964707E-03  0.00000000E+00  0.00000000E+00 -0.10979490E+01  0.00000000E+00  0.00000000E+00  0.16170065E-01  0.00000000E+00  0.00000000E+00  0.13638989E-02  0.00000000E+00  0.17139415E-02  0.00000000E+00  0.18417448E-02  0.00000000E+00  0.17139415E-02  0.00000000E+00  0.13638989E-02  0.91868459E-03  0.52502381E-03  0.40964707E-03
  0.00000000E+00  0.00000000E+00  0.00000000E+00  0.00000000E+00  0.40964707E-03  0.00000000E+00  0.52502381E-03  0.33290294E-01  0.91868459E-03  0.00000000E+00  0.13638989E-02  0.00000000E+00  0.00000000E+00  0.17139415E-02  0.00000000E+00  0.00000000E+00 -0.76442980E-01  0.00000000E+00  0.00000000E+00  0.17139415E-02  0.00000000E+00  0.00000000E+00  0.13638989E-02  0.00000000E+00  0.91868459E-03  0.33290294E-01  0.52502381E-03  0.00000000E+00  0.40964707E-03  0.00000000E+00  0.00000000E+00  0.00000000E+00  0.00000000E+00
  0.40964707E-03  0.52502381E-03  0.91868459E-03  0.13638989E-02  0.00000000E+00  0.17139415E-02  0.00000000E+00  0.18417448E-02  0.00000000E+00  0.17139415E-02  0.00000000E+00  0.13638989E-02  0.00000000E+00  0.00000000E+00  0.16170065E-01  0.00000000E+00  0.00000000E+00 -0.10979490E+01  0.00000000E+00  0.00000000E+00  0.40964707E-03  0.00000000E+00  0.00000000E+00  0.00000000E+00  0.00000000E+00  0.00000000E+00  0.10382282E+01  0.00000000E+00  0.00000000E+00  0.00000000E+00  0.00000000E+00  0.33290294E-01  0.00000000E+00
  0.00000000E+00  0.00000000E+00  0.33290294E-01  0.00000000E+00  0.00000000E+00  0.00000000E+00  0.00000000E+00  0.00000000E+00  0.10382282E+01  0.00000000E+00  0.00000000E+00  0.00000000E+00  0.40964707E-03  0.00000000E+00  0.00000000E+00  0.52502381E-03  0.00000000E+00  0.00000000E+00 -0.10937480E+01  0.00000000E+00  0.00000000E+00  0.12807974E-01  0.00000000E+00  0.17139415E-02  0.00000000E+00  0.18417448E-02  0.00000000E+00  0.17139415E-02  0.00000000E+00  0.13638989E-02  0.91868459E-03  0.52502381E-03  0.40964707E-03
  0.00000000E+00  0.00000000E+00  0.00000000E+00  0.00000000E+00  0.40964707E-03  0.00000000E+00  0.52502381E-03  0.00000000E+00  0.91868459E-03  0.33290294E-01  0.13638989E-02  0.00000000E+00  0.00000000E+00  0.17139415E-02  0.00000000E+00  0.00000000E+00  0.56851447E-02  0.00000000E+00  0.00000000E+00 -0.80414183E-01  0.00000000E+00  0.00000000E+00  0.13638989E-02  0.00000000E+00  0.91868459E-03  0.00000000E+00  0.52502381E-03  0.33290294E-01  0.40964707E-03  0.00000000E+00  0.00000000E+00  0.00000000E+00  0.00000000E+00
  0.40964707E-03  0.52502381E-03  0.91868459E-03  0.13638989E-02  0.00000000E+00  0.17139415E-02  0.00000000E+00  0.18417448E-02  0.00000000E+00  0.17139415E-02  0.00000000E+00  0.13638989E-02  0.00000000E+00  0.00000000E+00  0.91868459E-03  0.00000000E+00  0.00000000E+00  0.19584018E-01  0.00000000E+00  0.00000000E+00 -0.11018720E+01  0.00000000E+00  0.00000000E+00  0.00000000E+00  0.00000000E+00  0.00000000E+00  0.00000000E+00  0.00000000E+00  0.10382282E+01  0.00000000E+00  0.00000000E+00  0.00000000E+00  0.33290294E-01
  0.00000000E+00  0.00000000E+00  0.00000000E+00  0.33290294E-01  0.00000000E+00  0.00000000E+00  0.00000000E+00  0.00000000E+00  0.00000000E+00  0.00000000E+00  0.10382282E+01  0.00000000E+00  0.40964707E-03  0.00000000E+00  0.00000000E+00  0.52502381E-03  0.00000000E+00  0.00000000E+00  0.91868459E-03  0.00000000E+00  0.00000000E+00 -0.10894965E+01  0.00000000E+00  0.93516763E-02  0.00000000E+00  0.18417448E-02  0.00000000E+00  0.17139415E-02  0.00000000E+00  0.13638989E-02  0.91868459E-03  0.52502381E-03  0.40964707E-03
  0.00000000E+00  0.00000000E+00  0.00000000E+00  0.00000000E+00  0.40964707E-03  0.00000000E+00  0.52502381E-03  0.00000000E+00  0.91868459E-03  0.00000000E+00  0.13638989E-02  0.33290294E-01  0.00000000E+00  0.17139415E-02  0.00000000E+00  0.00000000E+00  0.18417448E-02  0.00000000E+00  0.00000000E+00  0.93516763E-02  0.00000000E+00  0.00000000E+00 -0.84558560E-01  0.00000000E+00  0.91868459E-03  0.00000000E+00  0.52502381E-03  0.00000000E+00  0.40964707E-03  0.33290294E-01  0.00000000E+00  0.00000000E+00  0.00000000E+00
  0.00000000E+00  0.00000000E+00  0.00000000E+00  0.00000000E+00  0.00000000E+00  0.33290294E-01  0.00000000E+00  0.00000000E+00  0.00000000E+00  0.00000000E+00  0.00000000E+00  0.00000000E+00  0.40964707E-03  0.10382282E+01  0.00000000E+00  0.52502381E-03  0.00000000E+00  0.00000000E+00  0.91868459E-03  0.00000000E+00  0.00000000E+00  0.13638989E-02  0.00000000E+00 -0.10853521E+01  0.00000000E+00  0.56851447E-02  0.00000000E+00  0.17139415E-02  0.00000000E+00  0.13638989E-02  0.91868459E-03  0.52502381E-03  0.40964707E-03
  0.00000000E+00  0.00000000E+00  0.00000000E+00  0.00000000E+00  0.40964707E-03  0.00000000E+00  0.52502381E-03  0.00000000E+00  0.91868459E-03  0.00000000E+00  0.13638989E-02  0.00000000E+00  0.00000000E+00  0.17139415E-02  0.33290294E-01  0.00000000E+00  0.18417448E-02  0.00000000E+00  0.00000000E+00  0.17139415E-02  0.00000000E+00  0.00000000E+00  0.12807974E-01  0.00000000E+00 -0.88810115E-01  0.00000000E+00  0.52502381E-03  0.00000000E+00  0.40964707E-03  0.00000000E+00  0.33290294E-01  0.00000000E+00  0.00000000E+00
  0.00000000E+00  0.00000000E+00  0.00000000E+00  0.00000000E+00  0.00000000E+00  0.00000000E+00  0.00000000E+00  0.33290294E-01  0.00000000E+00  0.00000000E+00  0.00000000E+00  0.00000000E+00  0.40964707E-03  0.00000000E+00  0.00000000E+00  0.52502381E-03  0.10382282E+01  0.00000000E+00  0.91868459E-03  0.00000000E+00  0.00000000E+00  0.13638989E-02  0.00000000E+00  0.17139415E-02  0.00000000E+00 -0.10813809E+01  0.00000000E+00  0.17139415E-02  0.00000000E+00  0.13638989E-02  0.91868459E-03  0.52502381E-03  0.40964707E-03
  0.00000000E+00  0.00000000E+00  0.00000000E+00  0.00000000E+00  0.40964707E-03  0.00000000E+00  0.52502381E-03  0.00000000E+00  0.91868459E-03  0.00000000E+00  0.13638989E-02  0.00000000E+00  0.00000000E+00  0.17139415E-02  0.00000000E+00  0.00000000E+00  0.18417448E-02  0.33290294E-01  0.00000000E+00  0.17139415E-02  0.00000000E+00  0.00000000E+00  0.13638989E-02  0.00000000E+00  0.16170065E-01  0.00000000E+00 -0.93011081E-01  0.00000000E+00  0.40964707E-03  0.00000000E+00  0.00000000E+00  0.33290294E-01  0.00000000E+00
  0.00000000E+00  0.00000000E+00  0.00000000E+00  0.00000000E+00  0.00000000E+00  0.00000000E+00  0.00000000E+00  0.00000000E+00  0.00000000E+00  0.33290294E-01  0.00000000E+00  0.00000000E+00  0.40964707E-03  0.00000000E+00  0.00000000E+00  0.52502381E-03  0.00000000E+00  0.00000000E+00  0.91868459E-03  0.10382282E+01  0.00000000E+00  0.13638989E-02  0.00000000E+00  0.17139415E-02  0.00000000E+00  0.56851447E-02  0.00000000E+00 -0.10853521E+01  0.00000000E+00  0.13638989E-02  0.91868459E-03  0.52502381E-03  0.40964707E-03
  0.00000000E+00  0.00000000E+00  0.00000000E+00  0.00000000E+00  0.40964707E-03  0.00000000E+00  0.52502381E-03  0.00000000E+00  0.91868459E-03  0.00000000E+00  0.13638989E-02  0.00000000E+00  0.00000000E+00  0.17139415E-02  0.00000000E+00  0.00000000E+00  0.18417448E-02  0.00000000E+00  0.00000000E+00  0.17139415E-02  0.33290294E-01  0.00000000E+00  0.13638989E-02  0.00000000E+00  0.91868459E-03  0.00000000E+00  0.19584018E-01  0.00000000E+00 -0.96934072E-01  0.00000000E+00  0.00000000E+00  0.00000000E+00  0.33290294E-01
  0.00000000E+00  0.00000000E+00  0.00000000E+00  0.00000000E+00  0.00000000E+00  0.00000000E+00  0.00000000E+00  0.00000000E+00  0.00000000E+00  0.00000000E+00  0.00000000E+00  0.33290294E-01  0.40964707E-03  0.00000000E+00  0.00000000E+00  0.52502381E-03  0.00000000E+00  0.00000000E+00  0.91868459E-03  0.00000000E+00  0.00000000E+00  0.13638989E-02  0.10382282E+01  0.17139415E-02  0.00000000E+00  0.18417448E-02  0.00000000E+00  0.93516763E-02  0.00000000E+00 -0.10894965E+01  0.91868459E-03  0.52502381E-03  0.40964707E-03
  0.00000000E+00  0.00000000E+00  0.00000000E+00  0.00000000E+00  0.00000000E+00  0.00000000E+00  0.00000000E+00  0.00000000E+00  0.00000000E+00  0.00000000E+00  0.00000000E+00  0.00000000E+00  0.40964707E-03  0.00000000E+00  0.33290294E-01  0.52502381E-03  0.00000000E+00  0.00000000E+00  0.91868459E-03  0.00000000E+00  0.00000000E+00  0.13638989E-02  0.00000000E+00  0.17139415E-02  0.10382282E+01  0.18417448E-02  0.00000000E+00  0.17139415E-02  0.00000000E+00  0.12807974E-01 -0.10937480E+01  0.52502381E-03  0.40964707E-03
  0.00000000E+00  0.00000000E+00  0.00000000E+00  0.00000000E+00  0.00000000E+00  0.00000000E+00  0.00000000E+00  0.00000000E+00  0.00000000E+00  0.00000000E+00  0.00000000E+00  0.00000000E+00  0.40964707E-03  0.00000000E+00  0.00000000E+00  0.52502381E-03  0.00000000E+00  0.33290294E-01  0.91868459E-03  0.00000000E+00  0.00000000E+00  0.13638989E-02  0.00000000E+00  0.17139415E-02  0.00000000E+00  0.18417448E-02  0.10382282E+01  0.17139415E-02  0.00000000E+00  0.13638989E-02  0.16170065E-01 -0.10979490E+01  0.40964707E-03
  0.00000000E+00  0.00000000E+00  0.00000000E+00  0.00000000E+00  0.00000000E+00  0.00000000E+00  0.00000000E+00  0.00000000E+00  0.00000000E+00  0.00000000E+00  0.00000000E+00  0.00000000E+00  0.40964707E-03  0.00000000E+00  0.00000000E+00  0.52502381E-03  0.00000000E+00  0.00000000E+00  0.91868459E-03  0.00000000E+00  0.33290294E-01  0.13638989E-02  0.00000000E+00  0.17139415E-02  0.00000000E+00  0.18417448E-02  0.00000000E+00  0.17139415E-02  0.10382282E+01  0.13638989E-02  0.91868459E-03  0.19584018E-01 -0.11018720E+01
