  0.28742496E+00  0.56809949E-02  0.30261714E-03  0.40244600E-03  0.66136361E+00  0.50606718E-03  0.13071945E-01  0.54480657E-03  0.69632073E-03  0.50606715E-03  0.92602653E-03  0.40238478E-03  0.21206310E-01  0.11644584E-02  0.27075152E-03  0.41914571E-03  0.12535976E-02  0.15486664E-03  0.22327193E-04  0.11644583E-02  0.11999181E-03  0.29692601E-04  0.92588566E-03  0.37337805E-04  0.62299808E-03  0.40196011E-04  0.35634747E-03  0.37337803E-04  0.27610065E-03  0.29688084E-04  0.19976137E-04  0.11426112E-04  0.88530361E-05
  0.11999181E-03  0.28856385E+00  0.47055993E-02  0.42155535E-03  0.27610065E-03  0.50609170E-03  0.66398419E+00  0.54480658E-03  0.10827564E-01  0.50606715E-03  0.96999706E-03  0.40238478E-03  0.88530361E-05  0.11645148E-02  0.27075152E-03  0.21290337E-01  0.12535976E-02  0.15486664E-03  0.34718069E-03  0.11644583E-02  0.11999181E-03  0.31102495E-04  0.92588566E-03  0.37339615E-04  0.62299808E-03  0.40196011E-04  0.35634747E-03  0.37337803E-04  0.27610065E-03  0.29688084E-04  0.19976137E-04  0.11426112E-04  0.88530361E-05
  0.11999181E-03  0.15486664E-03  0.28978684E+00  0.37397015E-02  0.27610065E-03  0.51568594E-03  0.35634747E-03  0.54481276E-03  0.66679827E+00  0.50606715E-03  0.86050372E-02  0.40238478E-03  0.88530361E-05  0.11865911E-02  0.27075152E-03  0.11426112E-04  0.12536118E-02  0.15486664E-03  0.21380570E-01  0.11644583E-02  0.11999181E-03  0.27591643E-03  0.92588566E-03  0.38047481E-04  0.62299808E-03  0.40196468E-04  0.35634747E-03  0.37337803E-04  0.27610065E-03  0.29688084E-04  0.19976137E-04  0.11426112E-04  0.88530361E-05
  0.11999181E-03  0.15486664E-03  0.27075152E-03  0.29102847E+00  0.27610065E-03  0.27397689E-02  0.35634747E-03  0.54804316E-03  0.62299808E-03  0.50606715E-03  0.66965527E+00  0.40238478E-03  0.88530361E-05  0.63041965E-02  0.27075152E-03  0.11426112E-04  0.12610450E-02  0.15486664E-03  0.19976137E-04  0.11644583E-02  0.11999181E-03  0.21472178E-01  0.92588566E-03  0.20214106E-03  0.62299808E-03  0.40434807E-04  0.35634747E-03  0.37337803E-04  0.27610065E-03  0.29688084E-04  0.19976137E-04  0.11426112E-04  0.88530361E-05
  0.21206310E-01  0.41914571E-03  0.22327193E-04  0.29692601E-04  0.92758227E+00  0.37337805E-04  0.18333794E-01  0.40196011E-04  0.97661068E-03  0.37337803E-04  0.12987799E-02  0.29688084E-04  0.21206310E-01  0.16331878E-02  0.19976137E-04  0.41914571E-03  0.17582081E-02  0.11426112E-04  0.22327193E-04  0.16331877E-02  0.88530361E-05  0.29692601E-04  0.12985824E-02  0.37337805E-04  0.87377346E-03  0.40196011E-04  0.49978799E-03  0.37337803E-04  0.38723942E-03  0.29688084E-04  0.19976137E-04  0.11426112E-04  0.88530361E-05
  0.11999181E-03  0.15486664E-03  0.27075152E-03  0.40238478E-03  0.27610065E-03  0.29224183E+00  0.35634747E-03  0.16720687E-02  0.62299808E-03  0.50606715E-03  0.92588566E-03  0.40238478E-03  0.88530361E-05  0.67244721E+00  0.27075152E-03  0.11426112E-04  0.38474230E-02  0.15486664E-03  0.19976137E-04  0.11644583E-02  0.11999181E-03  0.29688084E-04  0.92588566E-03  0.21561700E-01  0.62299808E-03  0.12336579E-03  0.35634747E-03  0.37337803E-04  0.27610065E-03  0.29688084E-04  0.19976137E-04  0.11426112E-04  0.88530361E-05
  0.88530361E-05  0.21290337E-01  0.34718069E-03  0.31102495E-04  0.38723942E-03  0.37339615E-04  0.93125770E+00  0.40196011E-04  0.15185983E-01  0.37337803E-04  0.13604499E-02  0.29688084E-04  0.88530361E-05  0.16332669E-02  0.19976137E-04  0.21290337E-01  0.17582082E-02  0.11426112E-04  0.34718069E-03  0.16331877E-02  0.88530361E-05  0.31102495E-04  0.12985824E-02  0.37339615E-04  0.87377346E-03  0.40196011E-04  0.49978799E-03  0.37337803E-04  0.38723942E-03  0.29688084E-04  0.19976137E-04  0.11426112E-04  0.88530361E-05
  0.11999181E-03  0.15486664E-03  0.27075152E-03  0.40238478E-03  0.27610065E-03  0.50606715E-03  0.35634747E-03  0.29340783E+00  0.62299808E-03  0.50606715E-03  0.92588566E-03  0.40238478E-03  0.88530361E-05  0.11644583E-02  0.27075152E-03  0.11426112E-04  0.67513017E+00  0.15486664E-03  0.19976137E-04  0.11644583E-02  0.11999181E-03  0.29688084E-04  0.92588566E-03  0.37337803E-04  0.62299808E-03  0.21647728E-01  0.35634747E-03  0.37337803E-04  0.27610065E-03  0.29688084E-04  0.19976137E-04  0.11426112E-04  0.88530361E-05
  0.88530361E-05  0.11426112E-04  0.21380570E-01  0.27591643E-03  0.38723942E-03  0.38047481E-04  0.49978799E-03  0.40196468E-04  0.93520454E+00  0.37337803E-04  0.12068822E-01  0.29688084E-04  0.88530361E-05  0.16642296E-02  0.19976137E-04  0.11426112E-04  0.17582281E-02  0.11426112E-04  0.21380570E-01  0.16331877E-02  0.88530361E-05  0.27591643E-03  0.12985824E-02  0.38047481E-04  0.87377346E-03  0.40196468E-04  0.49978799E-03  0.37337803E-04  0.38723942E-03  0.29688084E-04  0.19976137E-04  0.11426112E-04  0.88530361E-05
  0.11999181E-03  0.15486664E-03  0.27075152E-03  0.40238478E-03  0.27610065E-03  0.50606715E-03  0.35634747E-03  0.16720687E-02  0.62299808E-03  0.29224183E+00  0.92588566E-03  0.40238478E-03  0.88530361E-05  0.11644583E-02  0.27075152E-03  0.11426112E-04  0.38474230E-02  0.15486664E-03  0.19976137E-04  0.67244721E+00  0.11999181E-03  0.29688084E-04  0.92588566E-03  0.37337803E-04  0.62299808E-03  0.12336579E-03  0.35634747E-03  0.21561700E-01  0.27610065E-03  0.29688084E-04  0.19976137E-04  0.11426112E-04  0.88530361E-05
  0.88530361E-05  0.11426112E-04  0.19976137E-04  0.21472178E-01  0.38723942E-03  0.20214106E-03  0.49978799E-03  0.40434807E-04  0.87377346E-03  0.37337803E-04  0.93921157E+00  0.29688084E-04  0.88530361E-05  0.88418243E-02  0.19976137E-04  0.11426112E-04  0.17686533E-02  0.11426112E-04  0.19976137E-04  0.16331877E-02  0.88530361E-05  0.21472178E-01  0.12985824E-02  0.20214106E-03  0.87377346E-03  0.40434807E-04  0.49978799E-03  0.37337803E-04  0.38723942E-03  0.29688084E-04  0.19976137E-04  0.11426112E-04  0.88530361E-05
  0.11999181E-03  0.15486664E-03  0.27075152E-03  0.40238478E-03  0.27610065E-03  0.50606715E-03  0.35634747E-03  0.54804316E-03  0.62299808E-03  0.27397689E-02  0.92588566E-03  0.29102847E+00  0.88530361E-05  0.11644583E-02  0.27075152E-03  0.11426112E-04  0.12610450E-02  0.15486664E-03  0.19976137E-04  0.63041965E-02  0.11999181E-03  0.29688084E-04  0.66965527E+00  0.37337803E-04  0.62299808E-03  0.40434807E-04  0.35634747E-03  0.20214106E-03  0.27610065E-03  0.21472178E-01  0.19976137E-04  0.11426112E-04  0.88530361E-05
  0.21206310E-01  0.41914571E-03  0.22327193E-04  0.29692601E-04  0.66136361E+00  0.37337805E-04  0.13071945E-01  0.40196011E-04  0.69632073E-03  0.37337803E-04  0.92602653E-03  0.29688084E-04  0.28742496E+00  0.11644584E-02  0.19976137E-04  0.56809949E-02  0.12535976E-02  0.11426112E-04  0.30261714E-03  0.11644583E-02  0.88530361E-05  0.40244600E-03  0.92588566E-03  0.50606718E-03  0.62299808E-03  0.54480657E-03  0.35634747E-03  0.50606715E-03  0.27610065E-03  0.40238478E-03  0.27075152E-03  0.15486664E-03  0.11999181E-03
  0.88530361E-05  0.11426112E-04  0.19976137E-04  0.29688084E-04  0.38723942E-03  0.21561700E-01  0.49978799E-03  0.12336579E-03  0.87377346E-03  0.37337803E-04  0.12985824E-02  0.29688084E-04  0.88530361E-05  0.94312734E+00  0.19976137E-04  0.11426112E-04  0.53961259E-02  0.11426112E-04  0.19976137E-04  0.16331877E-02  0.88530361E-05  0.29688084E-04  0.12985824E-02  0.21561700E-01  0.87377346E-03  0.12336579E-03  0.49978799E-03  0.37337803E-04  0.38723942E-03  0.29688084E-04  0.19976137E-04  0.11426112E-04  0.88530361E-05
  0.11999181E-03  0.15486664E-03  0.27075152E-03  0.40238478E-03  0.27610065E-03  0.50606715E-03  0.35634747E-03  0.54481276E-03  0.62299808E-03  0.51568594E-03  0.92588566E-03  0.37397015E-02  0.88530361E-05  0.11644583E-02  0.28978684E+00  0.11426112E-04  0.12536118E-02  0.15486664E-03  0.19976137E-04  0.11865911E-02  0.11999181E-03  0.29688084E-04  0.86050372E-02  0.37337803E-04  0.66679827E+00  0.40196468E-04  0.35634747E-03  0.38047481E-04  0.27610065E-03  0.27591643E-03  0.21380570E-01  0.11426112E-04  0.88530361E-05
  0.88530361E-05  0.21290337E-01  0.34718069E-03  0.31102495E-04  0.27610065E-03  0.37339615E-04  0.66398419E+00  0.40196011E-04  0.10827564E-01  0.37337803E-04  0.96999706E-03  0.29688084E-04  0.11999181E-03  0.11645148E-02  0.19976137E-04  0.28856385E+00  0.12535976E-02  0.11426112E-04  0.47055993E-02  0.11644583E-02  0.88530361E-05  0.42155535E-03  0.92588566E-03  0.50609170E-03  0.62299808E-03  0.54480658E-03  0.35634747E-03  0.50606715E-03  0.27610065E-03  0.40238478E-03  0.27075152E-03  0.15486664E-03  0.11999181E-03
  0.88530361E-05  0.11426112E-04  0.19976137E-04  0.29688084E-04  0.38723942E-03  0.37337803E-04  0.49978799E-03  0.21647728E-01  0.87377346E-03  0.37337803E-04  0.12985824E-02  0.29688084E-04  0.88530361E-05  0.16331877E-02  0.19976137E-04  0.11426112E-04  0.94689028E+00  0.11426112E-04  0.19976137E-04  0.16331877E-02  0.88530361E-05  0.29688084E-04  0.12985824E-02  0.37337803E-04  0.87377346E-03  0.21647728E-01  0.49978799E-03  0.37337803E-04  0.38723942E-03  0.29688084E-04  0.19976137E-04  0.11426112E-04  0.88530361E-05
  0.11999181E-03  0.15486664E-03  0.27075152E-03  0.40238478E-03  0.27610065E-03  0.50606715E-03  0.35634747E-03  0.54480658E-03  0.62299808E-03  0.50609170E-03  0.92588566E-03  0.42155535E-03  0.88530361E-05  0.11644583E-02  0.47055993E-02  0.11426112E-04  0.12535976E-02  0.28856385E+00  0.19976137E-04  0.11645148E-02  0.11999181E-03  0.29688084E-04  0.96999706E-03  0.37337803E-04  0.10827564E-01  0.40196011E-04  0.66398419E+00  0.37339615E-04  0.27610065E-03  0.31102495E-04  0.34718069E-03  0.21290337E-01  0.88530361E-05
  0.88530361E-05  0.11426112E-04  0.21380570E-01  0.27591643E-03  0.27610065E-03  0.38047481E-04  0.35634747E-03  0.40196468E-04  0.66679827E+00  0.37337803E-04  0.86050372E-02  0.29688084E-04  0.11999181E-03  0.11865911E-02  0.19976137E-04  0.15486664E-03  0.12536118E-02  0.11426112E-04  0.28978684E+00  0.11644583E-02  0.88530361E-05  0.37397015E-02  0.92588566E-03  0.51568594E-03  0.62299808E-03  0.54481276E-03  0.35634747E-03  0.50606715E-03  0.27610065E-03  0.40238478E-03  0.27075152E-03  0.15486664E-03  0.11999181E-03
  0.88530361E-05  0.11426112E-04  0.19976137E-04  0.29688084E-04  0.38723942E-03  0.37337803E-04  0.49978799E-03  0.12336579E-03  0.87377346E-03  0.21561700E-01  0.12985824E-02  0.29688084E-04  0.88530361E-05  0.16331877E-02  0.19976137E-04  0.11426112E-04  0.53961259E-02  0.11426112E-04  0.19976137E-04  0.94312734E+00  0.88530361E-05  0.29688084E-04  0.12985824E-02  0.37337803E-04  0.87377346E-03  0.12336579E-03  0.49978799E-03  0.21561700E-01  0.38723942E-03  0.29688084E-04  0.19976137E-04  0.11426112E-04  0.88530361E-05
  0.11999181E-03  0.15486664E-03  0.27075152E-03  0.40238478E-03  0.27610065E-03  0.50606715E-03  0.35634747E-03  0.54480657E-03  0.62299808E-03  0.50606718E-03  0.92588566E-03  0.40244600E-03  0.88530361E-05  0.11644583E-02  0.30261714E-03  0.11426112E-04  0.12535976E-02  0.56809949E-02  0.19976137E-04  0.11644584E-02  0.28742496E+00  0.29688084E-04  0.92602653E-03  0.37337803E-04  0.69632073E-03  0.40196011E-04  0.13071945E-01  0.37337805E-04  0.66136361E+00  0.29692601E-04  0.22327193E-04  0.41914571E-03  0.21206310E-01
  0.88530361E-05  0.11426112E-04  0.19976137E-04  0.21472178E-01  0.27610065E-03  0.20214106E-03  0.35634747E-03  0.40434807E-04  0.62299808E-03  0.37337803E-04  0.66965527E+00  0.29688084E-04  0.11999181E-03  0.63041965E-02  0.19976137E-04  0.15486664E-03  0.12610450E-02  0.11426112E-04  0.27075152E-03  0.11644583E-02  0.88530361E-05  0.29102847E+00  0.92588566E-03  0.27397689E-02  0.62299808E-03  0.54804316E-03  0.35634747E-03  0.50606715E-03  0.27610065E-03  0.40238478E-03  0.27075152E-03  0.15486664E-03  0.11999181E-03
  0.88530361E-05  0.11426112E-04  0.19976137E-04  0.29688084E-04  0.38723942E-03  0.37337803E-04  0.49978799E-03  0.40434807E-04  0.87377346E-03  0.20214106E-03  0.12985824E-02  0.21472178E-01  0.88530361E-05  0.16331877E-02  0.19976137E-04  0.11426112E-04  0.17686533E-02  0.11426112E-04  0.19976137E-04  0.88418243E-02  0.88530361E-05  0.29688084E-04  0.93921157E+00  0.37337803E-04  0.87377346E-03  0.40434807E-04  0.49978799E-03  0.20214106E-03  0.38723942E-03  0.21472178E-01  0.19976137E-04  0.11426112E-04  0.88530361E-05
  0.88530361E-05  0.11426112E-04  0.19976137E-04  0.29688084E-04  0.27610065E-03  0.21561700E-01  0.35634747E-03  0.12336579E-03  0.62299808E-03  0.37337803E-04  0.92588566E-03  0.29688084E-04  0.11999181E-03  0.67244721E+00  0.19976137E-04  0.15486664E-03  0.38474230E-02  0.11426112E-04  0.27075152E-03  0.11644583E-02  0.88530361E-05  0.40238478E-03  0.92588566E-03  0.29224183E+00  0.62299808E-03  0.16720687E-02  0.35634747E-03  0.50606715E-03  0.27610065E-03  0.40238478E-03  0.27075152E-03  0.15486664E-03  0.11999181E-03
  0.88530361E-05  0.11426112E-04  0.19976137E-04  0.29688084E-04  0.38723942E-03  0.37337803E-04  0.49978799E-03  0.40196468E-04  0.87377346E-03  0.38047481E-04  0.12985824E-02  0.27591643E-03  0.88530361E-05  0.16331877E-02  0.21380570E-01  0.11426112E-04  0.17582281E-02  0.11426112E-04  0.19976137E-04  0.16642296E-02  0.88530361E-05  0.29688084E-04  0.12068822E-01  0.37337803E-04  0.93520454E+00  0.40196468E-04  0.49978799E-03  0.38047481E-04  0.38723942E-03  0.27591643E-03  0.21380570E-01  0.11426112E-04  0.88530361E-05
  0.88530361E-05  0.11426112E-04  0.19976137E-04  0.29688084E-04  0.27610065E-03  0.37337803E-04  0.35634747E-03  0.21647728E-01  0.62299808E-03  0.37337803E-04  0.92588566E-03  0.29688084E-04  0.11999181E-03  0.11644583E-02  0.19976137E-04  0.15486664E-03  0.67513017E+00  0.11426112E-04  0.27075152E-03  0.11644583E-02  0.88530361E-05  0.40238478E-03  0.92588566E-03  0.50606715E-03  0.62299808E-03  0.29340783E+00  0.35634747E-03  0.50606715E-03  0.27610065E-03  0.40238478E-03  0.27075152E-03  0.15486664E-03  0.11999181E-03
  0.88530361E-05  0.11426112E-04  0.19976137E-04  0.29688084E-04  0.38723942E-03  0.37337803E-04  0.49978799E-03  0.40196011E-04  0.87377346E-03  0.37339615E-04  0.12985824E-02  0.31102495E-04  0.88530361E-05  0.16331877E-02  0.34718069E-03  0.11426112E-04  0.17582082E-02  0.21290337E-01  0.19976137E-04  0.16332669E-02  0.88530361E-05  0.29688084E-04  0.13604499E-02  0.37337803E-04  0.15185983E-01  0.40196011E-04  0.93125770E+00  0.37339615E-04  0.38723942E-03  0.31102495E-04  0.34718069E-03  0.21290337E-01  0.88530361E-05
  0.88530361E-05  0.11426112E-04  0.19976137E-04  0.29688084E-04  0.27610065E-03  0.37337803E-04  0.35634747E-03  0.12336579E-03  0.62299808E-03  0.21561700E-01  0.92588566E-03  0.29688084E-04  0.11999181E-03  0.11644583E-02  0.19976137E-04  0.15486664E-03  0.38474230E-02  0.11426112E-04  0.27075152E-03  0.67244721E+00  0.88530361E-05  0.40238478E-03  0.92588566E-03  0.50606715E-03  0.62299808E-03  0.16720687E-02  0.35634747E-03  0.29224183E+00  0.27610065E-03  0.40238478E-03  0.27075152E-03  0.15486664E-03  0.11999181E-03
  0.88530361E-05  0.11426112E-04  0.19976137E-04  0.29688084E-04  0.38723942E-03  0.37337803E-04  0.49978799E-03  0.40196011E-04  0.87377346E-03  0.37337805E-04  0.12985824E-02  0.29692601E-04  0.88530361E-05  0.16331877E-02  0.22327193E-04  0.11426112E-04  0.17582081E-02  0.41914571E-03  0.19976137E-04  0.16331878E-02  0.21206310E-01  0.29688084E-04  0.12987799E-02  0.37337803E-04  0.97661068E-03  0.40196011E-04  0.18333794E-01  0.37337805E-04  0.92758227E+00  0.29692601E-04  0.22327193E-04  0.41914571E-03  0.21206310E-01
  0.88530361E-05  0.11426112E-04  0.19976137E-04  0.29688084E-04  0.27610065E-03  0.37337803E-04  0.35634747E-03  0.40434807E-04  0.62299808E-03  0.20214106E-03  0.92588566E-03  0.21472178E-01  0.11999181E-03  0.11644583E-02  0.19976137E-04  0.15486664E-03  0.12610450E-02  0.11426112E-04  0.27075152E-03  0.63041965E-02  0.88530361E-05  0.40238478E-03  0.66965527E+00  0.50606715E-03  0.62299808E-03  0.54804316E-03  0.35634747E-03  0.27397689E-02  0.27610065E-03  0.29102847E+00  0.27075152E-03  0.15486664E-03  0.11999181E-03
  0.88530361E-05  0.11426112E-04  0.19976137E-04  0.29688084E-04  0.27610065E-03  0.37337803E-04  0.35634747E-03  0.40196468E-04  0.62299808E-03  0.38047481E-04  0.92588566E-03  0.27591643E-03  0.11999181E-03  0.11644583E-02  0.21380570E-01  0.15486664E-03  0.12536118E-02  0.11426112E-04  0.27075152E-03  0.11865911E-02  0.88530361E-05  0.40238478E-03  0.86050372E-02  0.50606715E-03  0.66679827E+00  0.54481276E-03  0.35634747E-03  0.51568594E-03  0.27610065E-03  0.37397015E-02  0.28978684E+00  0.15486664E-03  0.11999181E-03
  0.88530361E-05  0.11426112E-04  0.19976137E-04  0.29688084E-04  0.27610065E-03  0.37337803E-04  0.35634747E-03  0.40196011E-04  0.62299808E-03  0.37339615E-04  0.92588566E-03  0.31102495E-04  0.11999181E-03  0.11644583E-02  0.34718069E-03  0.15486664E-03  0.12535976E-02  0.21290337E-01  0.27075152E-03  0.11645148E-02  0.88530361E-05  0.40238478E-03  0.96999706E-03  0.50606715E-03  0.10827564E-01  0.54480658E-03  0.66398419E+00  0.50609170E-03  0.27610065E-03  0.42155535E-03  0.47055993E-02  0.28856385E+00  0.11999181E-03
  0.88530361E-05  0.11426112E-04  0.19976137E-04  0.29688084E-04  0.27610065E-03  0.37337803E-04  0.35634747E-03  0.40196011E-04  0.62299808E-03  0.37337805E-04  0.92588566E-03  0.29692601E-04  0.11999181E-03  0.11644583E-02  0.22327193E-04  0.15486664E-03  0.12535976E-02  0.41914571E-03  0.27075152E-03  0.11644584E-02  0.21206310E-01  0.40238478E-03  0.92602653E-03  0.50606715E-03  0.69632073E-03  0.54480657E-03  0.13071945E-01  0.50606718E-03  0.66136361E+00  0.40244600E-03  0.30261714E-03  0.56809949E-02  0.28742496E+00
