  0.30818233E-02
  0.23883256E-02
  0.18885780E-02
  0.15530606E-02
  0.13497759E-02
  0.16100743E-02
  0.13497759E-02
  0.15530606E-02
  0.18885780E-02
  0.23883256E-02
  0.30818233E-02
  0.13307619E+00
  0.10313027E+00
  0.81550672E-01
  0.67062701E-01
  0.58284663E-01
  0.69524608E-01
  0.58284663E-01
  0.67062701E-01
  0.81550672E-01
  0.10313027E+00
  0.13307619E+00
  0.30818233E-02
  0.23883256E-02
  0.18885780E-02
  0.15530606E-02
  0.13497759E-02
  0.16100743E-02
  0.13497759E-02
  0.15530606E-02
  0.18885780E-02
  0.23883256E-02
  0.30818233E-02
