  0.29984777E+00  0.35036846E-02  0.10947753E-03  0.10033580E-03  0.10184282E-03  0.10244203E-03  0.10184281E-03  0.10032256E-03  0.97844696E-04  0.97625668E-04  0.83279452E-03  0.66780732E+00  0.78032472E-02  0.24382337E-03  0.22346333E-03  0.22681969E-03  0.22815425E-03  0.22681969E-03  0.22343385E-03  0.21791526E-03  0.21742745E-03  0.18547621E-02  0.15465307E-01  0.18071023E-03  0.56465439E-05  0.51750391E-05  0.52527670E-05  0.52836729E-05  0.52527668E-05  0.51743564E-05  0.50465551E-05  0.50352582E-05  0.42953206E-04
  0.83279452E-03  0.29979381E+00  0.28273450E-02  0.10731020E-03  0.10184811E-03  0.10244204E-03  0.10184281E-03  0.10032256E-03  0.97844696E-04  0.97625668E-04  0.83279452E-03  0.18547621E-02  0.66768715E+00  0.62969344E-02  0.23899640E-03  0.22683148E-03  0.22815425E-03  0.22681969E-03  0.22343385E-03  0.21791526E-03  0.21742745E-03  0.18547621E-02  0.42953206E-04  0.15462524E-01  0.14582653E-03  0.55347593E-05  0.52530400E-05  0.52836730E-05  0.52527668E-05  0.51743564E-05  0.50465551E-05  0.50352582E-05  0.42953206E-04
  0.83279452E-03  0.97625668E-04  0.30047640E+00  0.21509414E-02  0.10534061E-03  0.10244336E-03  0.10184281E-03  0.10032256E-03  0.97844696E-04  0.97625668E-04  0.83279452E-03  0.18547621E-02  0.21742745E-03  0.66920739E+00  0.47904789E-02  0.23460981E-03  0.22815720E-03  0.22681969E-03  0.22343385E-03  0.21791526E-03  0.21742745E-03  0.18547621E-02  0.42953206E-04  0.50352582E-05  0.15497730E-01  0.11093953E-03  0.54331731E-05  0.52837413E-05  0.52527668E-05  0.51743564E-05  0.50465551E-05  0.50352582E-05  0.42953206E-04
  0.83279452E-03  0.97625668E-04  0.97844696E-04  0.30116242E+00  0.14712540E-02  0.10360929E-03  0.10184281E-03  0.10032256E-03  0.97844696E-04  0.97625668E-04  0.83279452E-03  0.18547621E-02  0.21742745E-03  0.21791526E-03  0.67073526E+00  0.32767099E-02  0.23075390E-03  0.22681969E-03  0.22343385E-03  0.21791526E-03  0.21742745E-03  0.18547621E-02  0.42953206E-04  0.50352582E-05  0.50465551E-05  0.15533113E-01  0.75883154E-04  0.53438767E-05  0.52527668E-05  0.51743564E-05  0.50465551E-05  0.50352582E-05  0.42953206E-04
  0.83279452E-03  0.97625668E-04  0.97844696E-04  0.10032256E-03  0.30184865E+00  0.78831486E-03  0.10184281E-03  0.10032256E-03  0.97844696E-04  0.97625668E-04  0.83279452E-03  0.18547621E-02  0.21742745E-03  0.21791526E-03  0.22343385E-03  0.67226359E+00  0.17556990E-02  0.22681969E-03  0.22343385E-03  0.21791526E-03  0.21742745E-03  0.18547621E-02  0.42953206E-04  0.50352582E-05  0.50465551E-05  0.51743564E-05  0.15568507E-01  0.40659070E-04  0.52527668E-05  0.51743564E-05  0.50465551E-05  0.50352582E-05  0.42953206E-04
  0.83279452E-03  0.97625668E-04  0.97844696E-04  0.10032256E-03  0.10184281E-03  0.30253512E+00  0.10184281E-03  0.10032256E-03  0.97844696E-04  0.97625668E-04  0.83279452E-03  0.18547621E-02  0.21742745E-03  0.21791526E-03  0.22343385E-03  0.22681969E-03  0.67379247E+00  0.22681969E-03  0.22343385E-03  0.21791526E-03  0.21742745E-03  0.18547621E-02  0.42953206E-04  0.50352582E-05  0.50465551E-05  0.51743564E-05  0.52527668E-05  0.15603913E-01  0.52527668E-05  0.51743564E-05  0.50465551E-05  0.50352582E-05  0.42953206E-04
  0.83279452E-03  0.97625668E-04  0.97844696E-04  0.10032256E-03  0.10184281E-03  0.78831486E-03  0.30184865E+00  0.10032256E-03  0.97844696E-04  0.97625668E-04  0.83279452E-03  0.18547621E-02  0.21742745E-03  0.21791526E-03  0.22343385E-03  0.22681969E-03  0.17556990E-02  0.67226359E+00  0.22343385E-03  0.21791526E-03  0.21742745E-03  0.18547621E-02  0.42953206E-04  0.50352582E-05  0.50465551E-05  0.51743564E-05  0.52527668E-05  0.40659070E-04  0.15568507E-01  0.51743564E-05  0.50465551E-05  0.50352582E-05  0.42953206E-04
  0.83279452E-03  0.97625668E-04  0.97844696E-04  0.10032256E-03  0.10184281E-03  0.10360929E-03  0.14712540E-02  0.30116242E+00  0.97844696E-04  0.97625668E-04  0.83279452E-03  0.18547621E-02  0.21742745E-03  0.21791526E-03  0.22343385E-03  0.22681969E-03  0.23075390E-03  0.32767099E-02  0.67073526E+00  0.21791526E-03  0.21742745E-03  0.18547621E-02  0.42953206E-04  0.50352582E-05  0.50465551E-05  0.51743564E-05  0.52527668E-05  0.53438767E-05  0.75883154E-04  0.15533113E-01  0.50465551E-05  0.50352582E-05  0.42953206E-04
  0.83279452E-03  0.97625668E-04  0.97844696E-04  0.10032256E-03  0.10184281E-03  0.10244336E-03  0.10534061E-03  0.21509414E-02  0.30047640E+00  0.97625668E-04  0.83279452E-03  0.18547621E-02  0.21742745E-03  0.21791526E-03  0.22343385E-03  0.22681969E-03  0.22815720E-03  0.23460981E-03  0.47904789E-02  0.66920739E+00  0.21742745E-03  0.18547621E-02  0.42953206E-04  0.50352582E-05  0.50465551E-05  0.51743564E-05  0.52527668E-05  0.52837413E-05  0.54331731E-05  0.11093953E-03  0.15497730E-01  0.50352582E-05  0.42953206E-04
  0.83279452E-03  0.97625668E-04  0.97844696E-04  0.10032256E-03  0.10184281E-03  0.10244204E-03  0.10184811E-03  0.10731020E-03  0.28273450E-02  0.29979381E+00  0.83279452E-03  0.18547621E-02  0.21742745E-03  0.21791526E-03  0.22343385E-03  0.22681969E-03  0.22815425E-03  0.22683148E-03  0.23899640E-03  0.62969344E-02  0.66768715E+00  0.18547621E-02  0.42953206E-04  0.50352582E-05  0.50465551E-05  0.51743564E-05  0.52527668E-05  0.52836730E-05  0.52530400E-05  0.55347593E-05  0.14582653E-03  0.15462524E-01  0.42953206E-04
  0.83279452E-03  0.97625668E-04  0.97844696E-04  0.10032256E-03  0.10184281E-03  0.10244203E-03  0.10184282E-03  0.10033580E-03  0.10947753E-03  0.35036846E-02  0.29984777E+00  0.18547621E-02  0.21742745E-03  0.21791526E-03  0.22343385E-03  0.22681969E-03  0.22815425E-03  0.22681969E-03  0.22346333E-03  0.24382337E-03  0.78032472E-02  0.66780732E+00  0.42953206E-04  0.50352582E-05  0.50465551E-05  0.51743564E-05  0.52527668E-05  0.52836729E-05  0.52527670E-05  0.51750391E-05  0.56465439E-05  0.18071023E-03  0.15465307E-01
  0.15465307E-01  0.18071023E-03  0.56465439E-05  0.51750391E-05  0.52527670E-05  0.52836729E-05  0.52527668E-05  0.51743564E-05  0.50465551E-05  0.50352582E-05  0.42953206E-04  0.95218978E+00  0.11126222E-01  0.34765436E-03  0.31862408E-03  0.32340975E-03  0.32531261E-03  0.32340973E-03  0.31858205E-03  0.31071340E-03  0.31001786E-03  0.26446034E-02  0.15465307E-01  0.18071023E-03  0.56465439E-05  0.51750391E-05  0.52527670E-05  0.52836729E-05  0.52527668E-05  0.51743564E-05  0.50465551E-05  0.50352582E-05  0.42953206E-04
  0.42953206E-04  0.15462524E-01  0.14582653E-03  0.55347593E-05  0.52530400E-05  0.52836730E-05  0.52527668E-05  0.51743564E-05  0.50465551E-05  0.50352582E-05  0.42953206E-04  0.26446034E-02  0.95201843E+00  0.89784529E-02  0.34077184E-03  0.32342656E-03  0.32531261E-03  0.32340973E-03  0.31858205E-03  0.31071340E-03  0.31001786E-03  0.26446034E-02  0.42953206E-04  0.15462524E-01  0.14582653E-03  0.55347593E-05  0.52530400E-05  0.52836730E-05  0.52527668E-05  0.51743564E-05  0.50465551E-05  0.50352582E-05  0.42953206E-04
  0.42953206E-04  0.50352582E-05  0.15497730E-01  0.11093953E-03  0.54331731E-05  0.52837413E-05  0.52527668E-05  0.51743564E-05  0.50465551E-05  0.50352582E-05  0.42953206E-04  0.26446034E-02  0.31001786E-03  0.95418606E+00  0.68304807E-02  0.33451724E-03  0.32531681E-03  0.32340973E-03  0.31858205E-03  0.31071340E-03  0.31001786E-03  0.26446034E-02  0.42953206E-04  0.50352582E-05  0.15497730E-01  0.11093953E-03  0.54331731E-05  0.52837413E-05  0.52527668E-05  0.51743564E-05  0.50465551E-05  0.50352582E-05  0.42953206E-04
  0.42953206E-04  0.50352582E-05  0.50465551E-05  0.15533113E-01  0.75883154E-04  0.53438767E-05  0.52527668E-05  0.51743564E-05  0.50465551E-05  0.50352582E-05  0.42953206E-04  0.26446034E-02  0.31001786E-03  0.31071340E-03  0.95636456E+00  0.46720807E-02  0.32901932E-03  0.32340973E-03  0.31858205E-03  0.31071340E-03  0.31001786E-03  0.26446034E-02  0.42953206E-04  0.50352582E-05  0.50465551E-05  0.15533113E-01  0.75883154E-04  0.53438767E-05  0.52527668E-05  0.51743564E-05  0.50465551E-05  0.50352582E-05  0.42953206E-04
  0.42953206E-04  0.50352582E-05  0.50465551E-05  0.51743564E-05  0.15568507E-01  0.40659070E-04  0.52527668E-05  0.51743564E-05  0.50465551E-05  0.50352582E-05  0.42953206E-04  0.26446034E-02  0.31001786E-03  0.31071340E-03  0.31858205E-03  0.95854373E+00  0.25033548E-02  0.32340973E-03  0.31858205E-03  0.31071340E-03  0.31001786E-03  0.26446034E-02  0.42953206E-04  0.50352582E-05  0.50465551E-05  0.51743564E-05  0.15568507E-01  0.40659070E-04  0.52527668E-05  0.51743564E-05  0.50465551E-05  0.50352582E-05  0.42953206E-04
  0.42953206E-04  0.50352582E-05  0.50465551E-05  0.51743564E-05  0.52527668E-05  0.15603913E-01  0.52527668E-05  0.51743564E-05  0.50465551E-05  0.50352582E-05  0.42953206E-04  0.26446034E-02  0.31001786E-03  0.31071340E-03  0.31858205E-03  0.32340973E-03  0.96072367E+00  0.32340973E-03  0.31858205E-03  0.31071340E-03  0.31001786E-03  0.26446034E-02  0.42953206E-04  0.50352582E-05  0.50465551E-05  0.51743564E-05  0.52527668E-05  0.15603913E-01  0.52527668E-05  0.51743564E-05  0.50465551E-05  0.50352582E-05  0.42953206E-04
  0.42953206E-04  0.50352582E-05  0.50465551E-05  0.51743564E-05  0.52527668E-05  0.40659070E-04  0.15568507E-01  0.51743564E-05  0.50465551E-05  0.50352582E-05  0.42953206E-04  0.26446034E-02  0.31001786E-03  0.31071340E-03  0.31858205E-03  0.32340973E-03  0.25033548E-02  0.95854373E+00  0.31858205E-03  0.31071340E-03  0.31001786E-03  0.26446034E-02  0.42953206E-04  0.50352582E-05  0.50465551E-05  0.51743564E-05  0.52527668E-05  0.40659070E-04  0.15568507E-01  0.51743564E-05  0.50465551E-05  0.50352582E-05  0.42953206E-04
  0.42953206E-04  0.50352582E-05  0.50465551E-05  0.51743564E-05  0.52527668E-05  0.53438767E-05  0.75883154E-04  0.15533113E-01  0.50465551E-05  0.50352582E-05  0.42953206E-04  0.26446034E-02  0.31001786E-03  0.31071340E-03  0.31858205E-03  0.32340973E-03  0.32901932E-03  0.46720807E-02  0.95636456E+00  0.31071340E-03  0.31001786E-03  0.26446034E-02  0.42953206E-04  0.50352582E-05  0.50465551E-05  0.51743564E-05  0.52527668E-05  0.53438767E-05  0.75883154E-04  0.15533113E-01  0.50465551E-05  0.50352582E-05  0.42953206E-04
  0.42953206E-04  0.50352582E-05  0.50465551E-05  0.51743564E-05  0.52527668E-05  0.52837413E-05  0.54331731E-05  0.11093953E-03  0.15497730E-01  0.50352582E-05  0.42953206E-04  0.26446034E-02  0.31001786E-03  0.31071340E-03  0.31858205E-03  0.32340973E-03  0.32531681E-03  0.33451724E-03  0.68304807E-02  0.95418606E+00  0.31001786E-03  0.26446034E-02  0.42953206E-04  0.50352582E-05  0.50465551E-05  0.51743564E-05  0.52527668E-05  0.52837413E-05  0.54331731E-05  0.11093953E-03  0.15497730E-01  0.50352582E-05  0.42953206E-04
  0.42953206E-04  0.50352582E-05  0.50465551E-05  0.51743564E-05  0.52527668E-05  0.52836730E-05  0.52530400E-05  0.55347593E-05  0.14582653E-03  0.15462524E-01  0.42953206E-04  0.26446034E-02  0.31001786E-03  0.31071340E-03  0.31858205E-03  0.32340973E-03  0.32531261E-03  0.32342656E-03  0.34077184E-03  0.89784529E-02  0.95201843E+00  0.26446034E-02  0.42953206E-04  0.50352582E-05  0.50465551E-05  0.51743564E-05  0.52527668E-05  0.52836730E-05  0.52530400E-05  0.55347593E-05  0.14582653E-03  0.15462524E-01  0.42953206E-04
  0.42953206E-04  0.50352582E-05  0.50465551E-05  0.51743564E-05  0.52527668E-05  0.52836729E-05  0.52527670E-05  0.51750391E-05  0.56465439E-05  0.18071023E-03  0.15465307E-01  0.26446034E-02  0.31001786E-03  0.31071340E-03  0.31858205E-03  0.32340973E-03  0.32531261E-03  0.32340975E-03  0.31862408E-03  0.34765436E-03  0.11126222E-01  0.95218978E+00  0.42953206E-04  0.50352582E-05  0.50465551E-05  0.51743564E-05  0.52527668E-05  0.52836729E-05  0.52527670E-05  0.51750391E-05  0.56465439E-05  0.18071023E-03  0.15465307E-01
  0.15465307E-01  0.18071023E-03  0.56465439E-05  0.51750391E-05  0.52527670E-05  0.52836729E-05  0.52527668E-05  0.51743564E-05  0.50465551E-05  0.50352582E-05  0.42953206E-04  0.66780732E+00  0.78032472E-02  0.24382337E-03  0.22346333E-03  0.22681969E-03  0.22815425E-03  0.22681969E-03  0.22343385E-03  0.21791526E-03  0.21742745E-03  0.18547621E-02  0.29984777E+00  0.35036846E-02  0.10947753E-03  0.10033580E-03  0.10184282E-03  0.10244203E-03  0.10184281E-03  0.10032256E-03  0.97844696E-04  0.97625668E-04  0.83279452E-03
  0.42953206E-04  0.15462524E-01  0.14582653E-03  0.55347593E-05  0.52530400E-05  0.52836730E-05  0.52527668E-05  0.51743564E-05  0.50465551E-05  0.50352582E-05  0.42953206E-04  0.18547621E-02  0.66768715E+00  0.62969344E-02  0.23899640E-03  0.22683148E-03  0.22815425E-03  0.22681969E-03  0.22343385E-03  0.21791526E-03  0.21742745E-03  0.18547621E-02  0.83279452E-03  0.29979381E+00  0.28273450E-02  0.10731020E-03  0.10184811E-03  0.10244204E-03  0.10184281E-03  0.10032256E-03  0.97844696E-04  0.97625668E-04  0.83279452E-03
  0.42953206E-04  0.50352582E-05  0.15497730E-01  0.11093953E-03  0.54331731E-05  0.52837413E-05  0.52527668E-05  0.51743564E-05  0.50465551E-05  0.50352582E-05  0.42953206E-04  0.18547621E-02  0.21742745E-03  0.66920739E+00  0.47904789E-02  0.23460981E-03  0.22815720E-03  0.22681969E-03  0.22343385E-03  0.21791526E-03  0.21742745E-03  0.18547621E-02  0.83279452E-03  0.97625668E-04  0.30047640E+00  0.21509414E-02  0.10534061E-03  0.10244336E-03  0.10184281E-03  0.10032256E-03  0.97844696E-04  0.97625668E-04  0.83279452E-03
  0.42953206E-04  0.50352582E-05  0.50465551E-05  0.15533113E-01  0.75883154E-04  0.53438767E-05  0.52527668E-05  0.51743564E-05  0.50465551E-05  0.50352582E-05  0.42953206E-04  0.18547621E-02  0.21742745E-03  0.21791526E-03  0.67073526E+00  0.32767099E-02  0.23075390E-03  0.22681969E-03  0.22343385E-03  0.21791526E-03  0.21742745E-03  0.18547621E-02  0.83279452E-03  0.97625668E-04  0.97844696E-04  0.30116242E+00  0.14712540E-02  0.10360929E-03  0.10184281E-03  0.10032256E-03  0.97844696E-04  0.97625668E-04  0.83279452E-03
  0.42953206E-04  0.50352582E-05  0.50465551E-05  0.51743564E-05  0.15568507E-01  0.40659070E-04  0.52527668E-05  0.51743564E-05  0.50465551E-05  0.50352582E-05  0.42953206E-04  0.18547621E-02  0.21742745E-03  0.21791526E-03  0.22343385E-03  0.67226359E+00  0.17556990E-02  0.22681969E-03  0.22343385E-03  0.21791526E-03  0.21742745E-03  0.18547621E-02  0.83279452E-03  0.97625668E-04  0.97844696E-04  0.10032256E-03  0.30184865E+00  0.78831486E-03  0.10184281E-03  0.10032256E-03  0.97844696E-04  0.97625668E-04  0.83279452E-03
  0.42953206E-04  0.50352582E-05  0.50465551E-05  0.51743564E-05  0.52527668E-05  0.15603913E-01  0.52527668E-05  0.51743564E-05  0.50465551E-05  0.50352582E-05  0.42953206E-04  0.18547621E-02  0.21742745E-03  0.21791526E-03  0.22343385E-03  0.22681969E-03  0.67379247E+00  0.22681969E-03  0.22343385E-03  0.21791526E-03  0.21742745E-03  0.18547621E-02  0.83279452E-03  0.97625668E-04  0.97844696E-04  0.10032256E-03  0.10184281E-03  0.30253512E+00  0.10184281E-03  0.10032256E-03  0.97844696E-04  0.97625668E-04  0.83279452E-03
  0.42953206E-04  0.50352582E-05  0.50465551E-05  0.51743564E-05  0.52527668E-05  0.40659070E-04  0.15568507E-01  0.51743564E-05  0.50465551E-05  0.50352582E-05  0.42953206E-04  0.18547621E-02  0.21742745E-03  0.21791526E-03  0.22343385E-03  0.22681969E-03  0.17556990E-02  0.67226359E+00  0.22343385E-03  0.21791526E-03  0.21742745E-03  0.18547621E-02  0.83279452E-03  0.97625668E-04  0.97844696E-04  0.10032256E-03  0.10184281E-03  0.78831486E-03  0.30184865E+00  0.10032256E-03  0.97844696E-04  0.97625668E-04  0.83279452E-03
  0.42953206E-04  0.50352582E-05  0.50465551E-05  0.51743564E-05  0.52527668E-05  0.53438767E-05  0.75883154E-04  0.15533113E-01  0.50465551E-05  0.50352582E-05  0.42953206E-04  0.18547621E-02  0.21742745E-03  0.21791526E-03  0.22343385E-03  0.22681969E-03  0.23075390E-03  0.32767099E-02  0.67073526E+00  0.21791526E-03  0.21742745E-03  0.18547621E-02  0.83279452E-03  0.97625668E-04  0.97844696E-04  0.10032256E-03  0.10184281E-03  0.10360929E-03  0.14712540E-02  0.30116242E+00  0.97844696E-04  0.97625668E-04  0.83279452E-03
  0.42953206E-04  0.50352582E-05  0.50465551E-05  0.51743564E-05  0.52527668E-05  0.52837413E-05  0.54331731E-05  0.11093953E-03  0.15497730E-01  0.50352582E-05  0.42953206E-04  0.18547621E-02  0.21742745E-03  0.21791526E-03  0.22343385E-03  0.22681969E-03  0.22815720E-03  0.23460981E-03  0.47904789E-02  0.66920739E+00  0.21742745E-03  0.18547621E-02  0.83279452E-03  0.97625668E-04  0.97844696E-04  0.10032256E-03  0.10184281E-03  0.10244336E-03  0.10534061E-03  0.21509414E-02  0.30047640E+00  0.97625668E-04  0.83279452E-03
  0.42953206E-04  0.50352582E-05  0.50465551E-05  0.51743564E-05  0.52527668E-05  0.52836730E-05  0.52530400E-05  0.55347593E-05  0.14582653E-03  0.15462524E-01  0.42953206E-04  0.18547621E-02  0.21742745E-03  0.21791526E-03  0.22343385E-03  0.22681969E-03  0.22815425E-03  0.22683148E-03  0.23899640E-03  0.62969344E-02  0.66768715E+00  0.18547621E-02  0.83279452E-03  0.97625668E-04  0.97844696E-04  0.10032256E-03  0.10184281E-03  0.10244204E-03  0.10184811E-03  0.10731020E-03  0.28273450E-02  0.29979381E+00  0.83279452E-03
  0.42953206E-04  0.50352582E-05  0.50465551E-05  0.51743564E-05  0.52527668E-05  0.52836729E-05  0.52527670E-05  0.51750391E-05  0.56465439E-05  0.18071023E-03  0.15465307E-01  0.18547621E-02  0.21742745E-03  0.21791526E-03  0.22343385E-03  0.22681969E-03  0.22815425E-03  0.22681969E-03  0.22346333E-03  0.24382337E-03  0.78032472E-02  0.66780732E+00  0.83279452E-03  0.97625668E-04  0.97844696E-04  0.10032256E-03  0.10184281E-03  0.10244203E-03  0.10184282E-03  0.10033580E-03  0.10947753E-03  0.35036846E-02  0.29984777E+00
