  0.99559242E+00  0.63167710E-03  0.84071626E-04  0.47431890E-03  0.87922645E-03  0.89665520E-03  0.87922645E-03  0.47431890E-03  0.83951928E-04  0.40899137E-05  0.43385894E-07
  0.43385894E-07  0.99571767E+00  0.59037988E-03  0.47439243E-03  0.87922645E-03  0.89665520E-03  0.87922645E-03  0.47431890E-03  0.83951928E-04  0.40899137E-05  0.43385894E-07
  0.43385894E-07  0.40899137E-05  0.99591840E+00  0.85991970E-03  0.87926504E-03  0.89665520E-03  0.87922645E-03  0.47431890E-03  0.83951928E-04  0.40899137E-05  0.43385894E-07
  0.43385894E-07  0.40899137E-05  0.83951928E-04  0.99642854E+00  0.11450711E-02  0.89667096E-03  0.87922645E-03  0.47431890E-03  0.83951928E-04  0.40899137E-05  0.43385894E-07
  0.43385894E-07  0.40899137E-05  0.83951928E-04  0.47431890E-03  0.99694190E+00  0.10540688E-02  0.87922645E-03  0.47431890E-03  0.83951928E-04  0.40899137E-05  0.43385894E-07
  0.43385894E-07  0.40899137E-05  0.83951928E-04  0.47431890E-03  0.87922645E-03  0.99711674E+00  0.87922645E-03  0.47431890E-03  0.83951928E-04  0.40899137E-05  0.43385894E-07
  0.43385894E-07  0.40899137E-05  0.83951928E-04  0.47431890E-03  0.87922645E-03  0.10540688E-02  0.99694190E+00  0.47431890E-03  0.83951928E-04  0.40899137E-05  0.43385894E-07
  0.43385894E-07  0.40899137E-05  0.83951928E-04  0.47431890E-03  0.87922645E-03  0.89667096E-03  0.11450711E-02  0.99642854E+00  0.83951928E-04  0.40899137E-05  0.43385894E-07
  0.43385894E-07  0.40899137E-05  0.83951928E-04  0.47431890E-03  0.87922645E-03  0.89665520E-03  0.87926504E-03  0.85991970E-03  0.99591840E+00  0.40899137E-05  0.43385894E-07
  0.43385894E-07  0.40899137E-05  0.83951928E-04  0.47431890E-03  0.87922645E-03  0.89665520E-03  0.87922645E-03  0.47439243E-03  0.59037988E-03  0.99571767E+00  0.43385894E-07
  0.43385894E-07  0.40899137E-05  0.83951928E-04  0.47431890E-03  0.87922645E-03  0.89665520E-03  0.87922645E-03  0.47431890E-03  0.84071626E-04  0.63167710E-03  0.99559242E+00
