  0.12663422E-05
  0.71899386E-05
  0.12273008E-03
  0.12663422E-05
  0.69682723E-03
  0.25979424E-02
  0.12273008E-03
  0.14750393E-01
  0.15231260E-01
  0.25979424E-02
  0.86478853E-01
  0.29462861E-01
  0.15231260E-01
  0.35414855E-01
  0.16728192E+00
  0.29462861E-01
  0.20107569E+00
  0.29462861E-01
  0.16728192E+00
  0.35414855E-01
  0.15231260E-01
  0.29462861E-01
  0.86478853E-01
  0.25979424E-02
  0.15231260E-01
  0.14750393E-01
  0.12273008E-03
  0.25979424E-02
  0.69682723E-03
  0.12663422E-05
  0.12273008E-03
  0.71899386E-05
  0.12663422E-05
