 -0.45130122E+01
 -0.39441959E+01
 -0.35240791E+01
 -0.33753795E+01
 -0.29552627E+01
 -0.26057453E+01
 -0.23864463E+01
 -0.20369289E+01
 -0.17743656E+01
 -0.14681126E+01
 -0.12055492E+01
 -0.10605997E+01
 -0.63673285E+00
 -0.56881636E+00
 -0.49178332E+00
 -0.77033045E-01
  0.00000000E+00
  0.77033045E-01
  0.49178332E+00
  0.56881636E+00
  0.63673285E+00
  0.10605997E+01
  0.12055492E+01
  0.14681126E+01
  0.17743656E+01
  0.20369289E+01
  0.23864463E+01
  0.26057453E+01
  0.29552627E+01
  0.33753795E+01
  0.35240791E+01
  0.39441959E+01
  0.45130122E+01
