 -0.10411098E+00  0.84766443E-01  0.63373759E-03  0.14929658E-01  0.00000000E+00  0.84082607E-04  0.00000000E+00  0.00000000E+00  0.47502802E-03  0.00000000E+00  0.00000000E+00  0.88048011E-03  0.00000000E+00  0.89782472E-03  0.00000000E+00  0.88048011E-03  0.00000000E+00  0.00000000E+00  0.00000000E+00  0.00000000E+00  0.47502802E-03  0.00000000E+00  0.00000000E+00  0.84082607E-04  0.00000000E+00  0.00000000E+00  0.40964941E-05  0.00000000E+00  0.00000000E+00  0.43457790E-07  0.00000000E+00  0.00000000E+00  0.00000000E+00
  0.14929658E-01 -0.34274200E-01  0.00000000E+00  0.14929658E-01  0.63373759E-03  0.00000000E+00  0.00000000E+00  0.84082607E-04  0.00000000E+00  0.00000000E+00  0.47502802E-03  0.00000000E+00  0.00000000E+00  0.00000000E+00  0.88048011E-03  0.00000000E+00  0.89782472E-03  0.00000000E+00  0.88048011E-03  0.00000000E+00  0.00000000E+00  0.00000000E+00  0.47502802E-03  0.00000000E+00  0.00000000E+00  0.84082607E-04  0.00000000E+00  0.00000000E+00  0.40964941E-05  0.00000000E+00  0.00000000E+00  0.43457790E-07  0.00000000E+00
  0.43457790E-07  0.00000000E+00 -0.10398533E+00  0.00000000E+00  0.84766443E-01  0.59212163E-03  0.14929658E-01  0.00000000E+00  0.47502802E-03  0.00000000E+00  0.00000000E+00  0.88048011E-03  0.00000000E+00  0.89782472E-03  0.00000000E+00  0.88048011E-03  0.00000000E+00  0.00000000E+00  0.00000000E+00  0.00000000E+00  0.47502802E-03  0.00000000E+00  0.00000000E+00  0.84082607E-04  0.00000000E+00  0.00000000E+00  0.40964941E-05  0.00000000E+00  0.00000000E+00  0.43457790E-07  0.00000000E+00  0.00000000E+00  0.00000000E+00
  0.14929658E-01  0.84766443E-01  0.00000000E+00 -0.10411098E+00  0.00000000E+00  0.00000000E+00  0.63373759E-03  0.00000000E+00  0.00000000E+00  0.84082607E-04  0.00000000E+00  0.00000000E+00  0.47502802E-03  0.00000000E+00  0.00000000E+00  0.00000000E+00  0.00000000E+00  0.88048011E-03  0.00000000E+00  0.89782472E-03  0.00000000E+00  0.88048011E-03  0.00000000E+00  0.00000000E+00  0.47502802E-03  0.00000000E+00  0.00000000E+00  0.84082607E-04  0.00000000E+00  0.00000000E+00  0.40964941E-05  0.00000000E+00  0.43457790E-07
  0.00000000E+00  0.43457790E-07  0.14929658E-01  0.00000000E+00 -0.34148545E-01  0.00000000E+00  0.14929658E-01  0.59212163E-03  0.00000000E+00  0.00000000E+00  0.47502802E-03  0.00000000E+00  0.00000000E+00  0.00000000E+00  0.88048011E-03  0.00000000E+00  0.89782472E-03  0.00000000E+00  0.88048011E-03  0.00000000E+00  0.00000000E+00  0.00000000E+00  0.47502802E-03  0.00000000E+00  0.00000000E+00  0.84082607E-04  0.00000000E+00  0.00000000E+00  0.40964941E-05  0.00000000E+00  0.00000000E+00  0.43457790E-07  0.00000000E+00
  0.43457790E-07  0.00000000E+00  0.40964941E-05  0.00000000E+00  0.00000000E+00 -0.10378410E+00  0.00000000E+00  0.84766443E-01  0.86182047E-03  0.14929658E-01  0.00000000E+00  0.88048011E-03  0.00000000E+00  0.89782472E-03  0.00000000E+00  0.88048011E-03  0.00000000E+00  0.00000000E+00  0.00000000E+00  0.00000000E+00  0.47502802E-03  0.00000000E+00  0.00000000E+00  0.84082607E-04  0.00000000E+00  0.00000000E+00  0.40964941E-05  0.00000000E+00  0.00000000E+00  0.43457790E-07  0.00000000E+00  0.00000000E+00  0.00000000E+00
  0.00000000E+00  0.00000000E+00  0.14929658E-01  0.43457790E-07  0.84766443E-01  0.00000000E+00 -0.10398533E+00  0.00000000E+00  0.00000000E+00  0.59212163E-03  0.00000000E+00  0.00000000E+00  0.47502802E-03  0.00000000E+00  0.00000000E+00  0.00000000E+00  0.00000000E+00  0.88048011E-03  0.00000000E+00  0.89782472E-03  0.00000000E+00  0.88048011E-03  0.00000000E+00  0.00000000E+00  0.47502802E-03  0.00000000E+00  0.00000000E+00  0.84082607E-04  0.00000000E+00  0.00000000E+00  0.40964941E-05  0.00000000E+00  0.43457790E-07
  0.00000000E+00  0.43457790E-07  0.00000000E+00  0.00000000E+00  0.40964941E-05  0.14929658E-01  0.00000000E+00 -0.33947313E-01  0.00000000E+00  0.14929658E-01  0.86182047E-03  0.00000000E+00  0.00000000E+00  0.00000000E+00  0.88048011E-03  0.00000000E+00  0.89782472E-03  0.00000000E+00  0.88048011E-03  0.00000000E+00  0.00000000E+00  0.00000000E+00  0.47502802E-03  0.00000000E+00  0.00000000E+00  0.84082607E-04  0.00000000E+00  0.00000000E+00  0.40964941E-05  0.00000000E+00  0.00000000E+00  0.43457790E-07  0.00000000E+00
  0.43457790E-07  0.00000000E+00  0.40964941E-05  0.00000000E+00  0.00000000E+00  0.84082607E-04  0.00000000E+00  0.00000000E+00 -0.10327300E+00  0.00000000E+00  0.84766443E-01  0.11471234E-02  0.14929658E-01  0.89782472E-03  0.00000000E+00  0.88048011E-03  0.00000000E+00  0.00000000E+00  0.00000000E+00  0.00000000E+00  0.47502802E-03  0.00000000E+00  0.00000000E+00  0.84082607E-04  0.00000000E+00  0.00000000E+00  0.40964941E-05  0.00000000E+00  0.00000000E+00  0.43457790E-07  0.00000000E+00  0.00000000E+00  0.00000000E+00
  0.00000000E+00  0.00000000E+00  0.00000000E+00  0.43457790E-07  0.00000000E+00  0.14929658E-01  0.40964941E-05  0.84766443E-01  0.00000000E+00 -0.10378410E+00  0.00000000E+00  0.00000000E+00  0.86182047E-03  0.00000000E+00  0.00000000E+00  0.00000000E+00  0.00000000E+00  0.88048011E-03  0.00000000E+00  0.89782472E-03  0.00000000E+00  0.88048011E-03  0.00000000E+00  0.00000000E+00  0.47502802E-03  0.00000000E+00  0.00000000E+00  0.84082607E-04  0.00000000E+00  0.00000000E+00  0.40964941E-05  0.00000000E+00  0.43457790E-07
  0.00000000E+00  0.43457790E-07  0.00000000E+00  0.00000000E+00  0.40964941E-05  0.00000000E+00  0.00000000E+00  0.84082607E-04  0.14929658E-01  0.00000000E+00 -0.33436218E-01  0.00000000E+00  0.14929658E-01  0.00000000E+00  0.11471234E-02  0.00000000E+00  0.89782472E-03  0.00000000E+00  0.88048011E-03  0.00000000E+00  0.00000000E+00  0.00000000E+00  0.47502802E-03  0.00000000E+00  0.00000000E+00  0.84082607E-04  0.00000000E+00  0.00000000E+00  0.40964941E-05  0.00000000E+00  0.00000000E+00  0.43457790E-07  0.00000000E+00
  0.43457790E-07  0.00000000E+00  0.40964941E-05  0.00000000E+00  0.00000000E+00  0.84082607E-04  0.00000000E+00  0.00000000E+00  0.47502802E-03  0.00000000E+00  0.00000000E+00 -0.10275878E+00  0.00000000E+00  0.10556954E-02  0.84766443E-01  0.88048011E-03  0.00000000E+00  0.14929658E-01  0.00000000E+00  0.00000000E+00  0.47502802E-03  0.00000000E+00  0.00000000E+00  0.84082607E-04  0.00000000E+00  0.00000000E+00  0.40964941E-05  0.00000000E+00  0.00000000E+00  0.43457790E-07  0.00000000E+00  0.00000000E+00  0.00000000E+00
  0.00000000E+00  0.00000000E+00  0.00000000E+00  0.43457790E-07  0.00000000E+00  0.00000000E+00  0.40964941E-05  0.00000000E+00  0.14929658E-01  0.84082607E-04  0.84766443E-01  0.00000000E+00 -0.10327300E+00  0.00000000E+00  0.00000000E+00  0.00000000E+00  0.00000000E+00  0.11471234E-02  0.00000000E+00  0.89782472E-03  0.00000000E+00  0.88048011E-03  0.00000000E+00  0.00000000E+00  0.47502802E-03  0.00000000E+00  0.00000000E+00  0.84082607E-04  0.00000000E+00  0.00000000E+00  0.40964941E-05  0.00000000E+00  0.43457790E-07
  0.43457790E-07  0.00000000E+00  0.40964941E-05  0.00000000E+00  0.00000000E+00  0.84082607E-04  0.00000000E+00  0.00000000E+00  0.47502802E-03  0.00000000E+00  0.00000000E+00  0.88048011E-03  0.00000000E+00 -0.10258356E+00  0.00000000E+00  0.88048011E-03  0.84766443E-01  0.00000000E+00  0.00000000E+00  0.14929658E-01  0.47502802E-03  0.00000000E+00  0.00000000E+00  0.84082607E-04  0.00000000E+00  0.00000000E+00  0.40964941E-05  0.00000000E+00  0.00000000E+00  0.43457790E-07  0.00000000E+00  0.00000000E+00  0.00000000E+00
  0.00000000E+00  0.43457790E-07  0.00000000E+00  0.00000000E+00  0.40964941E-05  0.00000000E+00  0.00000000E+00  0.84082607E-04  0.00000000E+00  0.00000000E+00  0.47502802E-03  0.14929658E-01  0.00000000E+00  0.00000000E+00 -0.32921993E-01  0.00000000E+00  0.10556954E-02  0.14929658E-01  0.88048011E-03  0.00000000E+00  0.00000000E+00  0.00000000E+00  0.47502802E-03  0.00000000E+00  0.00000000E+00  0.84082607E-04  0.00000000E+00  0.00000000E+00  0.40964941E-05  0.00000000E+00  0.00000000E+00  0.43457790E-07  0.00000000E+00
  0.43457790E-07  0.00000000E+00  0.40964941E-05  0.00000000E+00  0.00000000E+00  0.84082607E-04  0.00000000E+00  0.00000000E+00  0.47502802E-03  0.00000000E+00  0.00000000E+00  0.88048011E-03  0.00000000E+00  0.10556954E-02  0.00000000E+00 -0.10275878E+00  0.00000000E+00  0.00000000E+00  0.84766443E-01  0.00000000E+00  0.47502802E-03  0.14929658E-01  0.00000000E+00  0.84082607E-04  0.00000000E+00  0.00000000E+00  0.40964941E-05  0.00000000E+00  0.00000000E+00  0.43457790E-07  0.00000000E+00  0.00000000E+00  0.00000000E+00
  0.00000000E+00  0.43457790E-07  0.00000000E+00  0.00000000E+00  0.40964941E-05  0.00000000E+00  0.00000000E+00  0.84082607E-04  0.00000000E+00  0.00000000E+00  0.47502802E-03  0.00000000E+00  0.00000000E+00  0.14929658E-01  0.88048011E-03  0.00000000E+00 -0.32746778E-01  0.00000000E+00  0.88048011E-03  0.14929658E-01  0.00000000E+00  0.00000000E+00  0.47502802E-03  0.00000000E+00  0.00000000E+00  0.84082607E-04  0.00000000E+00  0.00000000E+00  0.40964941E-05  0.00000000E+00  0.00000000E+00  0.43457790E-07  0.00000000E+00
  0.00000000E+00  0.00000000E+00  0.00000000E+00  0.43457790E-07  0.00000000E+00  0.00000000E+00  0.40964941E-05  0.00000000E+00  0.00000000E+00  0.84082607E-04  0.00000000E+00  0.14929658E-01  0.47502802E-03  0.00000000E+00  0.84766443E-01  0.00000000E+00  0.00000000E+00 -0.10275878E+00  0.00000000E+00  0.10556954E-02  0.00000000E+00  0.88048011E-03  0.00000000E+00  0.00000000E+00  0.47502802E-03  0.00000000E+00  0.00000000E+00  0.84082607E-04  0.00000000E+00  0.00000000E+00  0.40964941E-05  0.00000000E+00  0.43457790E-07
  0.00000000E+00  0.43457790E-07  0.00000000E+00  0.00000000E+00  0.40964941E-05  0.00000000E+00  0.00000000E+00  0.84082607E-04  0.00000000E+00  0.00000000E+00  0.47502802E-03  0.00000000E+00  0.00000000E+00  0.00000000E+00  0.88048011E-03  0.14929658E-01  0.10556954E-02  0.00000000E+00 -0.32921993E-01  0.00000000E+00  0.00000000E+00  0.14929658E-01  0.47502802E-03  0.00000000E+00  0.00000000E+00  0.84082607E-04  0.00000000E+00  0.00000000E+00  0.40964941E-05  0.00000000E+00  0.00000000E+00  0.43457790E-07  0.00000000E+00
  0.00000000E+00  0.00000000E+00  0.00000000E+00  0.43457790E-07  0.00000000E+00  0.00000000E+00  0.40964941E-05  0.00000000E+00  0.00000000E+00  0.84082607E-04  0.00000000E+00  0.00000000E+00  0.47502802E-03  0.14929658E-01  0.00000000E+00  0.00000000E+00  0.84766443E-01  0.88048011E-03  0.00000000E+00 -0.10258356E+00  0.00000000E+00  0.88048011E-03  0.00000000E+00  0.00000000E+00  0.47502802E-03  0.00000000E+00  0.00000000E+00  0.84082607E-04  0.00000000E+00  0.00000000E+00  0.40964941E-05  0.00000000E+00  0.43457790E-07
  0.43457790E-07  0.00000000E+00  0.40964941E-05  0.00000000E+00  0.00000000E+00  0.84082607E-04  0.00000000E+00  0.00000000E+00  0.47502802E-03  0.00000000E+00  0.00000000E+00  0.88048011E-03  0.00000000E+00  0.89782472E-03  0.00000000E+00  0.11471234E-02  0.00000000E+00  0.00000000E+00  0.00000000E+00  0.00000000E+00 -0.10327300E+00  0.00000000E+00  0.84766443E-01  0.84082607E-04  0.14929658E-01  0.00000000E+00  0.40964941E-05  0.00000000E+00  0.00000000E+00  0.43457790E-07  0.00000000E+00  0.00000000E+00  0.00000000E+00
  0.00000000E+00  0.00000000E+00  0.00000000E+00  0.43457790E-07  0.00000000E+00  0.00000000E+00  0.40964941E-05  0.00000000E+00  0.00000000E+00  0.84082607E-04  0.00000000E+00  0.00000000E+00  0.47502802E-03  0.00000000E+00  0.00000000E+00  0.14929658E-01  0.00000000E+00  0.88048011E-03  0.84766443E-01  0.10556954E-02  0.00000000E+00 -0.10275878E+00  0.00000000E+00  0.00000000E+00  0.47502802E-03  0.00000000E+00  0.00000000E+00  0.84082607E-04  0.00000000E+00  0.00000000E+00  0.40964941E-05  0.00000000E+00  0.43457790E-07
  0.00000000E+00  0.43457790E-07  0.00000000E+00  0.00000000E+00  0.40964941E-05  0.00000000E+00  0.00000000E+00  0.84082607E-04  0.00000000E+00  0.00000000E+00  0.47502802E-03  0.00000000E+00  0.00000000E+00  0.00000000E+00  0.88048011E-03  0.00000000E+00  0.89782472E-03  0.00000000E+00  0.11471234E-02  0.00000000E+00  0.14929658E-01  0.00000000E+00 -0.33436218E-01  0.00000000E+00  0.14929658E-01  0.84082607E-04  0.00000000E+00  0.00000000E+00  0.40964941E-05  0.00000000E+00  0.00000000E+00  0.43457790E-07  0.00000000E+00
  0.43457790E-07  0.00000000E+00  0.40964941E-05  0.00000000E+00  0.00000000E+00  0.84082607E-04  0.00000000E+00  0.00000000E+00  0.47502802E-03  0.00000000E+00  0.00000000E+00  0.88048011E-03  0.00000000E+00  0.89782472E-03  0.00000000E+00  0.88048011E-03  0.00000000E+00  0.00000000E+00  0.00000000E+00  0.00000000E+00  0.86182047E-03  0.00000000E+00  0.00000000E+00 -0.10378410E+00  0.00000000E+00  0.84766443E-01  0.40964941E-05  0.14929658E-01  0.00000000E+00  0.43457790E-07  0.00000000E+00  0.00000000E+00  0.00000000E+00
  0.00000000E+00  0.00000000E+00  0.00000000E+00  0.43457790E-07  0.00000000E+00  0.00000000E+00  0.40964941E-05  0.00000000E+00  0.00000000E+00  0.84082607E-04  0.00000000E+00  0.00000000E+00  0.47502802E-03  0.00000000E+00  0.00000000E+00  0.00000000E+00  0.00000000E+00  0.88048011E-03  0.00000000E+00  0.89782472E-03  0.14929658E-01  0.11471234E-02  0.84766443E-01  0.00000000E+00 -0.10327300E+00  0.00000000E+00  0.00000000E+00  0.84082607E-04  0.00000000E+00  0.00000000E+00  0.40964941E-05  0.00000000E+00  0.43457790E-07
  0.00000000E+00  0.43457790E-07  0.00000000E+00  0.00000000E+00  0.40964941E-05  0.00000000E+00  0.00000000E+00  0.84082607E-04  0.00000000E+00  0.00000000E+00  0.47502802E-03  0.00000000E+00  0.00000000E+00  0.00000000E+00  0.88048011E-03  0.00000000E+00  0.89782472E-03  0.00000000E+00  0.88048011E-03  0.00000000E+00  0.00000000E+00  0.00000000E+00  0.86182047E-03  0.14929658E-01  0.00000000E+00 -0.33947313E-01  0.00000000E+00  0.14929658E-01  0.40964941E-05  0.00000000E+00  0.00000000E+00  0.43457790E-07  0.00000000E+00
  0.43457790E-07  0.00000000E+00  0.40964941E-05  0.00000000E+00  0.00000000E+00  0.84082607E-04  0.00000000E+00  0.00000000E+00  0.47502802E-03  0.00000000E+00  0.00000000E+00  0.88048011E-03  0.00000000E+00  0.89782472E-03  0.00000000E+00  0.88048011E-03  0.00000000E+00  0.00000000E+00  0.00000000E+00  0.00000000E+00  0.47502802E-03  0.00000000E+00  0.00000000E+00  0.59212163E-03  0.00000000E+00  0.00000000E+00 -0.10398533E+00  0.00000000E+00  0.84766443E-01  0.43457790E-07  0.14929658E-01  0.00000000E+00  0.00000000E+00
  0.00000000E+00  0.00000000E+00  0.00000000E+00  0.43457790E-07  0.00000000E+00  0.00000000E+00  0.40964941E-05  0.00000000E+00  0.00000000E+00  0.84082607E-04  0.00000000E+00  0.00000000E+00  0.47502802E-03  0.00000000E+00  0.00000000E+00  0.00000000E+00  0.00000000E+00  0.88048011E-03  0.00000000E+00  0.89782472E-03  0.00000000E+00  0.88048011E-03  0.00000000E+00  0.14929658E-01  0.86182047E-03  0.84766443E-01  0.00000000E+00 -0.10378410E+00  0.00000000E+00  0.00000000E+00  0.40964941E-05  0.00000000E+00  0.43457790E-07
  0.00000000E+00  0.43457790E-07  0.00000000E+00  0.00000000E+00  0.40964941E-05  0.00000000E+00  0.00000000E+00  0.84082607E-04  0.00000000E+00  0.00000000E+00  0.47502802E-03  0.00000000E+00  0.00000000E+00  0.00000000E+00  0.88048011E-03  0.00000000E+00  0.89782472E-03  0.00000000E+00  0.88048011E-03  0.00000000E+00  0.00000000E+00  0.00000000E+00  0.47502802E-03  0.00000000E+00  0.00000000E+00  0.59212163E-03  0.14929658E-01  0.00000000E+00 -0.34148545E-01  0.00000000E+00  0.14929658E-01  0.43457790E-07  0.00000000E+00
  0.43457790E-07  0.00000000E+00  0.40964941E-05  0.00000000E+00  0.00000000E+00  0.84082607E-04  0.00000000E+00  0.00000000E+00  0.47502802E-03  0.00000000E+00  0.00000000E+00  0.88048011E-03  0.00000000E+00  0.89782472E-03  0.00000000E+00  0.88048011E-03  0.00000000E+00  0.00000000E+00  0.00000000E+00  0.00000000E+00  0.47502802E-03  0.00000000E+00  0.00000000E+00  0.84082607E-04  0.00000000E+00  0.00000000E+00  0.63373759E-03  0.00000000E+00  0.00000000E+00 -0.10411098E+00  0.00000000E+00  0.84766443E-01  0.14929658E-01
  0.00000000E+00  0.00000000E+00  0.00000000E+00  0.43457790E-07  0.00000000E+00  0.00000000E+00  0.40964941E-05  0.00000000E+00  0.00000000E+00  0.84082607E-04  0.00000000E+00  0.00000000E+00  0.47502802E-03  0.00000000E+00  0.00000000E+00  0.00000000E+00  0.00000000E+00  0.88048011E-03  0.00000000E+00  0.89782472E-03  0.00000000E+00  0.88048011E-03  0.00000000E+00  0.00000000E+00  0.47502802E-03  0.00000000E+00  0.14929658E-01  0.59212163E-03  0.84766443E-01  0.00000000E+00 -0.10398533E+00  0.00000000E+00  0.43457790E-07
  0.00000000E+00  0.43457790E-07  0.00000000E+00  0.00000000E+00  0.40964941E-05  0.00000000E+00  0.00000000E+00  0.84082607E-04  0.00000000E+00  0.00000000E+00  0.47502802E-03  0.00000000E+00  0.00000000E+00  0.00000000E+00  0.88048011E-03  0.00000000E+00  0.89782472E-03  0.00000000E+00  0.88048011E-03  0.00000000E+00  0.00000000E+00  0.00000000E+00  0.47502802E-03  0.00000000E+00  0.00000000E+00  0.84082607E-04  0.00000000E+00  0.00000000E+00  0.63373759E-03  0.14929658E-01  0.00000000E+00 -0.34274200E-01  0.14929658E-01
  0.00000000E+00  0.00000000E+00  0.00000000E+00  0.43457790E-07  0.00000000E+00  0.00000000E+00  0.40964941E-05  0.00000000E+00  0.00000000E+00  0.84082607E-04  0.00000000E+00  0.00000000E+00  0.47502802E-03  0.00000000E+00  0.00000000E+00  0.00000000E+00  0.00000000E+00  0.88048011E-03  0.00000000E+00  0.89782472E-03  0.00000000E+00  0.88048011E-03  0.00000000E+00  0.00000000E+00  0.47502802E-03  0.00000000E+00  0.00000000E+00  0.84082607E-04  0.00000000E+00  0.14929658E-01  0.63373759E-03  0.84766443E-01 -0.10411098E+00
