  0.90052133E+00  0.80834037E-01  0.57135700E-03  0.14237056E-01  0.51287062E-04  0.76043460E-04  0.90330358E-05  0.68259348E-05  0.42902525E-03  0.12022313E-05  0.38510852E-04  0.79526737E-03  0.67828003E-05  0.81103182E-03  0.71386063E-04  0.79526737E-03  0.72801137E-04  0.12573012E-04  0.71386063E-04  0.12822245E-04  0.42902525E-03  0.12573012E-04  0.38510851E-04  0.75935192E-04  0.67828002E-05  0.68162163E-05  0.36993598E-05  0.12005196E-05  0.33206785E-06  0.39242889E-07  0.58486111E-07  0.35225830E-08  0.62042194E-09
  0.14237056E-01  0.96711831E+00  0.90330358E-05  0.14237056E-01  0.61361103E-03  0.12022313E-05  0.90330358E-05  0.81667164E-04  0.67828003E-05  0.12022313E-05  0.46075330E-03  0.12573012E-04  0.67828003E-05  0.12822245E-04  0.85408042E-03  0.12573012E-04  0.87101071E-03  0.12573012E-04  0.85408042E-03  0.12822245E-04  0.67828002E-05  0.12573012E-04  0.46075330E-03  0.12005196E-05  0.67828002E-05  0.81550888E-04  0.58486111E-07  0.12005196E-05  0.39729415E-05  0.62042194E-09  0.58486111E-07  0.42145050E-07  0.62042194E-09
  0.39242889E-07  0.35225830E-08  0.90063462E+00  0.62042194E-09  0.80844207E-01  0.53400333E-03  0.14238847E-01  0.47934062E-04  0.42909176E-03  0.84424820E-05  0.38516821E-04  0.79526737E-03  0.67838518E-05  0.81103182E-03  0.71386063E-04  0.79526737E-03  0.72801137E-04  0.12573012E-04  0.71386063E-04  0.12822245E-04  0.42902525E-03  0.12573012E-04  0.38510851E-04  0.75935192E-04  0.67828002E-05  0.68162163E-05  0.36993598E-05  0.12005196E-05  0.33206785E-06  0.39242889E-07  0.58486111E-07  0.35225830E-08  0.62042194E-09
  0.14237056E-01  0.80834037E-01  0.90330358E-05  0.90052133E+00  0.51287062E-04  0.12022313E-05  0.57135700E-03  0.68259348E-05  0.67828003E-05  0.76043460E-04  0.38510852E-04  0.12573012E-04  0.42902525E-03  0.12822245E-04  0.71386063E-04  0.12573012E-04  0.72801137E-04  0.79526737E-03  0.71386063E-04  0.81103182E-03  0.67828002E-05  0.79526737E-03  0.38510851E-04  0.12005196E-05  0.42902525E-03  0.68162163E-05  0.58486111E-07  0.75935192E-04  0.33206785E-06  0.62042194E-09  0.36993598E-05  0.35225830E-08  0.39242889E-07
  0.62042194E-09  0.42145050E-07  0.14238847E-01  0.62042194E-09  0.96723998E+00  0.84424820E-05  0.14238847E-01  0.57349491E-03  0.67838518E-05  0.84424820E-05  0.46082473E-03  0.12573012E-04  0.67838518E-05  0.12822245E-04  0.85408042E-03  0.12573012E-04  0.87101071E-03  0.12573012E-04  0.85408042E-03  0.12822245E-04  0.67828002E-05  0.12573012E-04  0.46075330E-03  0.12005196E-05  0.67828002E-05  0.81550888E-04  0.58486111E-07  0.12005196E-05  0.39729415E-05  0.62042194E-09  0.58486111E-07  0.42145050E-07  0.62042194E-09
  0.39242889E-07  0.35225830E-08  0.36993598E-05  0.62042194E-09  0.33206785E-06  0.90081618E+00  0.58486111E-07  0.80860504E-01  0.77780427E-03  0.14241717E-01  0.69818512E-04  0.79530228E-03  0.12296924E-04  0.81103182E-03  0.71389197E-04  0.79526737E-03  0.72801137E-04  0.12573564E-04  0.71386063E-04  0.12822245E-04  0.42902525E-03  0.12573012E-04  0.38510851E-04  0.75935192E-04  0.67828002E-05  0.68162163E-05  0.36993598E-05  0.12005196E-05  0.33206785E-06  0.39242889E-07  0.58486111E-07  0.35225830E-08  0.62042194E-09
  0.62042194E-09  0.35225830E-08  0.14238847E-01  0.39242889E-07  0.80844207E-01  0.84424820E-05  0.90063462E+00  0.47934062E-04  0.67838518E-05  0.53400333E-03  0.38516821E-04  0.12573012E-04  0.42909176E-03  0.12822245E-04  0.71386063E-04  0.12573012E-04  0.72801137E-04  0.79526737E-03  0.71386063E-04  0.81103182E-03  0.67828002E-05  0.79526737E-03  0.38510851E-04  0.12005196E-05  0.42902525E-03  0.68162163E-05  0.58486111E-07  0.75935192E-04  0.33206785E-06  0.62042194E-09  0.36993598E-05  0.35225830E-08  0.39242889E-07
  0.62042194E-09  0.42145050E-07  0.58486111E-07  0.62042194E-09  0.39729415E-05  0.14241717E-01  0.58486111E-07  0.96743496E+00  0.12296924E-04  0.14241717E-01  0.83532585E-03  0.12573564E-04  0.12296924E-04  0.12822245E-04  0.85411791E-03  0.12573012E-04  0.87101071E-03  0.12573564E-04  0.85408042E-03  0.12822245E-04  0.67828002E-05  0.12573012E-04  0.46075330E-03  0.12005196E-05  0.67828002E-05  0.81550888E-04  0.58486111E-07  0.12005196E-05  0.39729415E-05  0.62042194E-09  0.58486111E-07  0.42145050E-07  0.62042194E-09
  0.39242889E-07  0.35225830E-08  0.36993598E-05  0.62042194E-09  0.33206785E-06  0.75935192E-04  0.58486111E-07  0.68162163E-05  0.90127761E+00  0.12005196E-05  0.80901923E-01  0.10357260E-02  0.14249012E-01  0.81104607E-03  0.92970496E-04  0.79526737E-03  0.72802416E-04  0.16374613E-04  0.71386063E-04  0.12822470E-04  0.42902525E-03  0.12573012E-04  0.38510851E-04  0.75935192E-04  0.67828002E-05  0.68162163E-05  0.36993598E-05  0.12005196E-05  0.33206785E-06  0.39242889E-07  0.58486111E-07  0.35225830E-08  0.62042194E-09
  0.62042194E-09  0.35225830E-08  0.58486111E-07  0.39242889E-07  0.33206785E-06  0.14241717E-01  0.36993598E-05  0.80860504E-01  0.12296924E-04  0.90081618E+00  0.69818512E-04  0.12573564E-04  0.77780427E-03  0.12822245E-04  0.71389197E-04  0.12573012E-04  0.72801137E-04  0.79530228E-03  0.71386063E-04  0.81103182E-03  0.67828002E-05  0.79526737E-03  0.38510851E-04  0.12005196E-05  0.42902525E-03  0.68162163E-05  0.58486111E-07  0.75935192E-04  0.33206785E-06  0.62042194E-09  0.36993598E-05  0.35225830E-08  0.39242889E-07
  0.62042194E-09  0.42145050E-07  0.58486111E-07  0.62042194E-09  0.39729415E-05  0.12005196E-05  0.58486111E-07  0.81550888E-04  0.14249012E-01  0.12005196E-05  0.96793052E+00  0.16374613E-04  0.14249012E-01  0.12822470E-04  0.11123219E-02  0.12573012E-04  0.87102602E-03  0.16374613E-04  0.85408042E-03  0.12822470E-04  0.67828002E-05  0.12573012E-04  0.46075330E-03  0.12005196E-05  0.67828002E-05  0.81550888E-04  0.58486111E-07  0.12005196E-05  0.39729415E-05  0.62042194E-09  0.58486111E-07  0.42145050E-07  0.62042194E-09
  0.39242889E-07  0.35225830E-08  0.36993598E-05  0.62042194E-09  0.33206785E-06  0.75935192E-04  0.58486111E-07  0.68162163E-05  0.42902525E-03  0.12005196E-05  0.38510851E-04  0.90174194E+00  0.67828002E-05  0.95341369E-03  0.80943604E-01  0.79526737E-03  0.85581846E-04  0.14256353E-01  0.71386063E-04  0.15073273E-04  0.42902525E-03  0.12573012E-04  0.38510851E-04  0.75935192E-04  0.67828002E-05  0.68162163E-05  0.36993598E-05  0.12005196E-05  0.33206785E-06  0.39242889E-07  0.58486111E-07  0.35225830E-08  0.62042194E-09
  0.62042194E-09  0.35225830E-08  0.58486111E-07  0.39242889E-07  0.33206785E-06  0.12005196E-05  0.36993598E-05  0.68162163E-05  0.14249012E-01  0.75935192E-04  0.80901923E-01  0.16374613E-04  0.90127761E+00  0.12822470E-04  0.92970496E-04  0.12573012E-04  0.72802416E-04  0.10357260E-02  0.71386063E-04  0.81104607E-03  0.67828002E-05  0.79526737E-03  0.38510851E-04  0.12005196E-05  0.42902525E-03  0.68162163E-05  0.58486111E-07  0.75935192E-04  0.33206785E-06  0.62042194E-09  0.36993598E-05  0.35225830E-08  0.39242889E-07
  0.39242889E-07  0.35225830E-08  0.36993598E-05  0.62042194E-09  0.33206785E-06  0.75935192E-04  0.58486111E-07  0.68162163E-05  0.42902525E-03  0.12005196E-05  0.38510851E-04  0.79526737E-03  0.67828002E-05  0.90190009E+00  0.71386063E-04  0.79526737E-03  0.80957799E-01  0.12573012E-04  0.71386063E-04  0.14258853E-01  0.42902525E-03  0.12573012E-04  0.38510851E-04  0.75935192E-04  0.67828002E-05  0.68162163E-05  0.36993598E-05  0.12005196E-05  0.33206785E-06  0.39242889E-07  0.58486111E-07  0.35225830E-08  0.62042194E-09
  0.62042194E-09  0.42145050E-07  0.58486111E-07  0.62042194E-09  0.39729415E-05  0.12005196E-05  0.58486111E-07  0.81550888E-04  0.67828002E-05  0.12005196E-05  0.46075330E-03  0.14256353E-01  0.67828002E-05  0.15073273E-04  0.96842919E+00  0.12573012E-04  0.10239223E-02  0.14256353E-01  0.85408042E-03  0.15073273E-04  0.67828002E-05  0.12573012E-04  0.46075330E-03  0.12005196E-05  0.67828002E-05  0.81550888E-04  0.58486111E-07  0.12005196E-05  0.39729415E-05  0.62042194E-09  0.58486111E-07  0.42145050E-07  0.62042194E-09
  0.39242889E-07  0.35225830E-08  0.36993598E-05  0.62042194E-09  0.33206785E-06  0.75935192E-04  0.58486111E-07  0.68162163E-05  0.42902525E-03  0.12005196E-05  0.38510851E-04  0.79526737E-03  0.67828002E-05  0.95341369E-03  0.71386063E-04  0.90174194E+00  0.85581846E-04  0.12573012E-04  0.80943604E-01  0.15073273E-04  0.42902525E-03  0.14256353E-01  0.38510851E-04  0.75935192E-04  0.67828002E-05  0.68162163E-05  0.36993598E-05  0.12005196E-05  0.33206785E-06  0.39242889E-07  0.58486111E-07  0.35225830E-08  0.62042194E-09
  0.62042194E-09  0.42145050E-07  0.58486111E-07  0.62042194E-09  0.39729415E-05  0.12005196E-05  0.58486111E-07  0.81550888E-04  0.67828002E-05  0.12005196E-05  0.46075330E-03  0.12573012E-04  0.67828002E-05  0.14258853E-01  0.85408042E-03  0.12573012E-04  0.96859903E+00  0.12573012E-04  0.85408042E-03  0.14258853E-01  0.67828002E-05  0.12573012E-04  0.46075330E-03  0.12005196E-05  0.67828002E-05  0.81550888E-04  0.58486111E-07  0.12005196E-05  0.39729415E-05  0.62042194E-09  0.58486111E-07  0.42145050E-07  0.62042194E-09
  0.62042194E-09  0.35225830E-08  0.58486111E-07  0.39242889E-07  0.33206785E-06  0.12005196E-05  0.36993598E-05  0.68162163E-05  0.67828002E-05  0.75935192E-04  0.38510851E-04  0.14256353E-01  0.42902525E-03  0.15073273E-04  0.80943604E-01  0.12573012E-04  0.85581846E-04  0.90174194E+00  0.71386063E-04  0.95341369E-03  0.67828002E-05  0.79526737E-03  0.38510851E-04  0.12005196E-05  0.42902525E-03  0.68162163E-05  0.58486111E-07  0.75935192E-04  0.33206785E-06  0.62042194E-09  0.36993598E-05  0.35225830E-08  0.39242889E-07
  0.62042194E-09  0.42145050E-07  0.58486111E-07  0.62042194E-09  0.39729415E-05  0.12005196E-05  0.58486111E-07  0.81550888E-04  0.67828002E-05  0.12005196E-05  0.46075330E-03  0.12573012E-04  0.67828002E-05  0.15073273E-04  0.85408042E-03  0.14256353E-01  0.10239223E-02  0.12573012E-04  0.96842919E+00  0.15073273E-04  0.67828002E-05  0.14256353E-01  0.46075330E-03  0.12005196E-05  0.67828002E-05  0.81550888E-04  0.58486111E-07  0.12005196E-05  0.39729415E-05  0.62042194E-09  0.58486111E-07  0.42145050E-07  0.62042194E-09
  0.62042194E-09  0.35225830E-08  0.58486111E-07  0.39242889E-07  0.33206785E-06  0.12005196E-05  0.36993598E-05  0.68162163E-05  0.67828002E-05  0.75935192E-04  0.38510851E-04  0.12573012E-04  0.42902525E-03  0.14258853E-01  0.71386063E-04  0.12573012E-04  0.80957799E-01  0.79526737E-03  0.71386063E-04  0.90190009E+00  0.67828002E-05  0.79526737E-03  0.38510851E-04  0.12005196E-05  0.42902525E-03  0.68162163E-05  0.58486111E-07  0.75935192E-04  0.33206785E-06  0.62042194E-09  0.36993598E-05  0.35225830E-08  0.39242889E-07
  0.39242889E-07  0.35225830E-08  0.36993598E-05  0.62042194E-09  0.33206785E-06  0.75935192E-04  0.58486111E-07  0.68162163E-05  0.42902525E-03  0.12005196E-05  0.38510851E-04  0.79526737E-03  0.67828002E-05  0.81104607E-03  0.71386063E-04  0.10357260E-02  0.72802416E-04  0.12573012E-04  0.92970496E-04  0.12822470E-04  0.90127761E+00  0.16374613E-04  0.80901923E-01  0.75935192E-04  0.14249012E-01  0.68162163E-05  0.36993598E-05  0.12005196E-05  0.33206785E-06  0.39242889E-07  0.58486111E-07  0.35225830E-08  0.62042194E-09
  0.62042194E-09  0.35225830E-08  0.58486111E-07  0.39242889E-07  0.33206785E-06  0.12005196E-05  0.36993598E-05  0.68162163E-05  0.67828002E-05  0.75935192E-04  0.38510851E-04  0.12573012E-04  0.42902525E-03  0.15073273E-04  0.71386063E-04  0.14256353E-01  0.85581846E-04  0.79526737E-03  0.80943604E-01  0.95341369E-03  0.67828002E-05  0.90174194E+00  0.38510851E-04  0.12005196E-05  0.42902525E-03  0.68162163E-05  0.58486111E-07  0.75935192E-04  0.33206785E-06  0.62042194E-09  0.36993598E-05  0.35225830E-08  0.39242889E-07
  0.62042194E-09  0.42145050E-07  0.58486111E-07  0.62042194E-09  0.39729415E-05  0.12005196E-05  0.58486111E-07  0.81550888E-04  0.67828002E-05  0.12005196E-05  0.46075330E-03  0.12573012E-04  0.67828002E-05  0.12822470E-04  0.85408042E-03  0.16374613E-04  0.87102602E-03  0.12573012E-04  0.11123219E-02  0.12822470E-04  0.14249012E-01  0.16374613E-04  0.96793052E+00  0.12005196E-05  0.14249012E-01  0.81550888E-04  0.58486111E-07  0.12005196E-05  0.39729415E-05  0.62042194E-09  0.58486111E-07  0.42145050E-07  0.62042194E-09
  0.39242889E-07  0.35225830E-08  0.36993598E-05  0.62042194E-09  0.33206785E-06  0.75935192E-04  0.58486111E-07  0.68162163E-05  0.42902525E-03  0.12005196E-05  0.38510851E-04  0.79526737E-03  0.67828002E-05  0.81103182E-03  0.71386063E-04  0.79530228E-03  0.72801137E-04  0.12573012E-04  0.71389197E-04  0.12822245E-04  0.77780427E-03  0.12573564E-04  0.69818512E-04  0.90081618E+00  0.12296924E-04  0.80860504E-01  0.36993598E-05  0.14241717E-01  0.33206785E-06  0.39242889E-07  0.58486111E-07  0.35225830E-08  0.62042194E-09
  0.62042194E-09  0.35225830E-08  0.58486111E-07  0.39242889E-07  0.33206785E-06  0.12005196E-05  0.36993598E-05  0.68162163E-05  0.67828002E-05  0.75935192E-04  0.38510851E-04  0.12573012E-04  0.42902525E-03  0.12822470E-04  0.71386063E-04  0.16374613E-04  0.72802416E-04  0.79526737E-03  0.92970496E-04  0.81104607E-03  0.14249012E-01  0.10357260E-02  0.80901923E-01  0.12005196E-05  0.90127761E+00  0.68162163E-05  0.58486111E-07  0.75935192E-04  0.33206785E-06  0.62042194E-09  0.36993598E-05  0.35225830E-08  0.39242889E-07
  0.62042194E-09  0.42145050E-07  0.58486111E-07  0.62042194E-09  0.39729415E-05  0.12005196E-05  0.58486111E-07  0.81550888E-04  0.67828002E-05  0.12005196E-05  0.46075330E-03  0.12573012E-04  0.67828002E-05  0.12822245E-04  0.85408042E-03  0.12573564E-04  0.87101071E-03  0.12573012E-04  0.85411791E-03  0.12822245E-04  0.12296924E-04  0.12573564E-04  0.83532585E-03  0.14241717E-01  0.12296924E-04  0.96743496E+00  0.58486111E-07  0.14241717E-01  0.39729415E-05  0.62042194E-09  0.58486111E-07  0.42145050E-07  0.62042194E-09
  0.39242889E-07  0.35225830E-08  0.36993598E-05  0.62042194E-09  0.33206785E-06  0.75935192E-04  0.58486111E-07  0.68162163E-05  0.42902525E-03  0.12005196E-05  0.38510851E-04  0.79526737E-03  0.67828002E-05  0.81103182E-03  0.71386063E-04  0.79526737E-03  0.72801137E-04  0.12573012E-04  0.71386063E-04  0.12822245E-04  0.42909176E-03  0.12573012E-04  0.38516821E-04  0.53400333E-03  0.67838518E-05  0.47934062E-04  0.90063462E+00  0.84424820E-05  0.80844207E-01  0.39242889E-07  0.14238847E-01  0.35225830E-08  0.62042194E-09
  0.62042194E-09  0.35225830E-08  0.58486111E-07  0.39242889E-07  0.33206785E-06  0.12005196E-05  0.36993598E-05  0.68162163E-05  0.67828002E-05  0.75935192E-04  0.38510851E-04  0.12573012E-04  0.42902525E-03  0.12822245E-04  0.71386063E-04  0.12573564E-04  0.72801137E-04  0.79526737E-03  0.71389197E-04  0.81103182E-03  0.12296924E-04  0.79530228E-03  0.69818512E-04  0.14241717E-01  0.77780427E-03  0.80860504E-01  0.58486111E-07  0.90081618E+00  0.33206785E-06  0.62042194E-09  0.36993598E-05  0.35225830E-08  0.39242889E-07
  0.62042194E-09  0.42145050E-07  0.58486111E-07  0.62042194E-09  0.39729415E-05  0.12005196E-05  0.58486111E-07  0.81550888E-04  0.67828002E-05  0.12005196E-05  0.46075330E-03  0.12573012E-04  0.67828002E-05  0.12822245E-04  0.85408042E-03  0.12573012E-04  0.87101071E-03  0.12573012E-04  0.85408042E-03  0.12822245E-04  0.67838518E-05  0.12573012E-04  0.46082473E-03  0.84424820E-05  0.67838518E-05  0.57349491E-03  0.14238847E-01  0.84424820E-05  0.96723998E+00  0.62042194E-09  0.14238847E-01  0.42145050E-07  0.62042194E-09
  0.39242889E-07  0.35225830E-08  0.36993598E-05  0.62042194E-09  0.33206785E-06  0.75935192E-04  0.58486111E-07  0.68162163E-05  0.42902525E-03  0.12005196E-05  0.38510851E-04  0.79526737E-03  0.67828002E-05  0.81103182E-03  0.71386063E-04  0.79526737E-03  0.72801137E-04  0.12573012E-04  0.71386063E-04  0.12822245E-04  0.42902525E-03  0.12573012E-04  0.38510852E-04  0.76043460E-04  0.67828003E-05  0.68259348E-05  0.57135700E-03  0.12022313E-05  0.51287062E-04  0.90052133E+00  0.90330358E-05  0.80834037E-01  0.14237056E-01
  0.62042194E-09  0.35225830E-08  0.58486111E-07  0.39242889E-07  0.33206785E-06  0.12005196E-05  0.36993598E-05  0.68162163E-05  0.67828002E-05  0.75935192E-04  0.38510851E-04  0.12573012E-04  0.42902525E-03  0.12822245E-04  0.71386063E-04  0.12573012E-04  0.72801137E-04  0.79526737E-03  0.71386063E-04  0.81103182E-03  0.67838518E-05  0.79526737E-03  0.38516821E-04  0.84424820E-05  0.42909176E-03  0.47934062E-04  0.14238847E-01  0.53400333E-03  0.80844207E-01  0.62042194E-09  0.90063462E+00  0.35225830E-08  0.39242889E-07
  0.62042194E-09  0.42145050E-07  0.58486111E-07  0.62042194E-09  0.39729415E-05  0.12005196E-05  0.58486111E-07  0.81550888E-04  0.67828002E-05  0.12005196E-05  0.46075330E-03  0.12573012E-04  0.67828002E-05  0.12822245E-04  0.85408042E-03  0.12573012E-04  0.87101071E-03  0.12573012E-04  0.85408042E-03  0.12822245E-04  0.67828003E-05  0.12573012E-04  0.46075330E-03  0.12022313E-05  0.67828003E-05  0.81667164E-04  0.90330358E-05  0.12022313E-05  0.61361103E-03  0.14237056E-01  0.90330358E-05  0.96711831E+00  0.14237056E-01
  0.62042194E-09  0.35225830E-08  0.58486111E-07  0.39242889E-07  0.33206785E-06  0.12005196E-05  0.36993598E-05  0.68162163E-05  0.67828002E-05  0.75935192E-04  0.38510851E-04  0.12573012E-04  0.42902525E-03  0.12822245E-04  0.71386063E-04  0.12573012E-04  0.72801137E-04  0.79526737E-03  0.71386063E-04  0.81103182E-03  0.67828003E-05  0.79526737E-03  0.38510852E-04  0.12022313E-05  0.42902525E-03  0.68259348E-05  0.90330358E-05  0.76043460E-04  0.51287062E-04  0.14237056E-01  0.57135700E-03  0.80834037E-01  0.90052133E+00
