 -0.23232352E+01
 -0.18164037E+01
 -0.16079086E+01
 -0.13911186E+01
 -0.11010772E+01
 -0.10549590E+01
 -0.89258210E+00
 -0.82008779E+00
 -0.71532653E+00
 -0.67579206E+00
 -0.61056528E+00
 -0.38575064E+00
 -0.37569404E+00
 -0.33963249E+00
 -0.10476126E+00
 -0.39534474E-01
  0.00000000E+00
  0.39534474E-01
  0.10476126E+00
  0.33963249E+00
  0.37569404E+00
  0.38575064E+00
  0.61056528E+00
  0.67579206E+00
  0.71532653E+00
  0.82008779E+00
  0.89258210E+00
  0.10549590E+01
  0.11010772E+01
  0.13911186E+01
  0.16079086E+01
  0.18164037E+01
  0.23232352E+01
