 -0.10688618E+01  0.13798482E-01  0.99575262E+00  0.22490770E-02  0.00000000E+00  0.21711243E-02  0.44254004E-01  0.14047768E-02  0.87930273E-03  0.00000000E+00  0.14047768E-02  0.00000000E+00  0.21711243E-02  0.00000000E+00  0.00000000E+00  0.22490770E-02  0.00000000E+00  0.00000000E+00  0.00000000E+00  0.00000000E+00  0.00000000E+00  0.16054032E-02  0.00000000E+00  0.00000000E+00  0.00000000E+00  0.00000000E+00  0.92200916E-03  0.00000000E+00  0.00000000E+00  0.00000000E+00  0.00000000E+00  0.00000000E+00  0.00000000E+00
  0.92200916E-03 -0.10659360E+01  0.00000000E+00  0.12199766E-01  0.99575262E+00  0.21711243E-02  0.00000000E+00  0.14047768E-02  0.87930273E-03  0.00000000E+00  0.14047768E-02  0.44254004E-01  0.21711243E-02  0.00000000E+00  0.00000000E+00  0.22490770E-02  0.00000000E+00  0.00000000E+00  0.00000000E+00  0.00000000E+00  0.00000000E+00  0.16054032E-02  0.00000000E+00  0.00000000E+00  0.00000000E+00  0.00000000E+00  0.92200916E-03  0.00000000E+00  0.00000000E+00  0.00000000E+00  0.00000000E+00  0.00000000E+00  0.00000000E+00
  0.44254004E-01  0.00000000E+00 -0.11736316E+00  0.00000000E+00  0.13798482E-01  0.00000000E+00  0.44254004E-01  0.00000000E+00  0.00000000E+00  0.22490770E-02  0.00000000E+00  0.00000000E+00  0.00000000E+00  0.21711243E-02  0.14047768E-02  0.00000000E+00  0.87930273E-03  0.00000000E+00  0.14047768E-02  0.21711243E-02  0.00000000E+00  0.00000000E+00  0.00000000E+00  0.22490770E-02  0.00000000E+00  0.00000000E+00  0.00000000E+00  0.00000000E+00  0.16054032E-02  0.00000000E+00  0.92200916E-03  0.00000000E+00  0.00000000E+00
  0.92200916E-03  0.16054032E-02  0.00000000E+00 -0.10630681E+01  0.00000000E+00  0.98976310E-02  0.00000000E+00  0.14047768E-02  0.87930273E-03  0.99575262E+00  0.14047768E-02  0.00000000E+00  0.21711243E-02  0.00000000E+00  0.00000000E+00  0.22490770E-02  0.00000000E+00  0.44254004E-01  0.00000000E+00  0.00000000E+00  0.00000000E+00  0.16054032E-02  0.00000000E+00  0.00000000E+00  0.00000000E+00  0.00000000E+00  0.92200916E-03  0.00000000E+00  0.00000000E+00  0.00000000E+00  0.00000000E+00  0.00000000E+00  0.00000000E+00
  0.00000000E+00  0.44254004E-01  0.92200916E-03  0.00000000E+00 -0.11443738E+00  0.00000000E+00  0.00000000E+00  0.00000000E+00  0.00000000E+00  0.12199766E-01  0.00000000E+00  0.44254004E-01  0.00000000E+00  0.21711243E-02  0.14047768E-02  0.00000000E+00  0.87930273E-03  0.00000000E+00  0.14047768E-02  0.21711243E-02  0.00000000E+00  0.00000000E+00  0.00000000E+00  0.22490770E-02  0.00000000E+00  0.00000000E+00  0.00000000E+00  0.00000000E+00  0.16054032E-02  0.00000000E+00  0.92200916E-03  0.00000000E+00  0.00000000E+00
  0.92200916E-03  0.16054032E-02  0.00000000E+00  0.22490770E-02  0.00000000E+00 -0.10609773E+01  0.00000000E+00  0.69624752E-02  0.87930273E-03  0.00000000E+00  0.14047768E-02  0.00000000E+00  0.21711243E-02  0.99575262E+00  0.00000000E+00  0.22490770E-02  0.00000000E+00  0.00000000E+00  0.00000000E+00  0.00000000E+00  0.44254004E-01  0.16054032E-02  0.00000000E+00  0.00000000E+00  0.00000000E+00  0.00000000E+00  0.92200916E-03  0.00000000E+00  0.00000000E+00  0.00000000E+00  0.00000000E+00  0.00000000E+00  0.00000000E+00
  0.44254004E-01  0.00000000E+00  0.99575262E+00  0.00000000E+00  0.00000000E+00  0.00000000E+00 -0.10688618E+01  0.00000000E+00  0.00000000E+00  0.00000000E+00  0.00000000E+00  0.13798482E-01  0.00000000E+00  0.00000000E+00  0.00000000E+00  0.00000000E+00  0.00000000E+00  0.22490770E-02  0.00000000E+00  0.00000000E+00  0.21711243E-02  0.00000000E+00  0.14047768E-02  0.00000000E+00  0.87930273E-03  0.14047768E-02  0.00000000E+00  0.21711243E-02  0.00000000E+00  0.22490770E-02  0.00000000E+00  0.16054032E-02  0.92200916E-03
  0.92200916E-03  0.16054032E-02  0.00000000E+00  0.22490770E-02  0.00000000E+00  0.21711243E-02  0.00000000E+00 -0.10600293E+01  0.47227027E-02  0.00000000E+00  0.14047768E-02  0.00000000E+00  0.21711243E-02  0.00000000E+00  0.99575262E+00  0.22490770E-02  0.00000000E+00  0.00000000E+00  0.00000000E+00  0.00000000E+00  0.00000000E+00  0.16054032E-02  0.44254004E-01  0.00000000E+00  0.00000000E+00  0.00000000E+00  0.92200916E-03  0.00000000E+00  0.00000000E+00  0.00000000E+00  0.00000000E+00  0.00000000E+00  0.00000000E+00
  0.92200916E-03  0.16054032E-02  0.00000000E+00  0.22490770E-02  0.00000000E+00  0.21711243E-02  0.00000000E+00  0.14047768E-02 -0.10567114E+01  0.00000000E+00  0.14047768E-02  0.00000000E+00  0.21711243E-02  0.00000000E+00  0.00000000E+00  0.22490770E-02  0.99575262E+00  0.00000000E+00  0.00000000E+00  0.00000000E+00  0.00000000E+00  0.16054032E-02  0.00000000E+00  0.00000000E+00  0.44254004E-01  0.00000000E+00  0.92200916E-03  0.00000000E+00  0.00000000E+00  0.00000000E+00  0.00000000E+00  0.00000000E+00  0.00000000E+00
  0.00000000E+00  0.00000000E+00  0.92200916E-03  0.44254004E-01  0.16054032E-02  0.00000000E+00  0.00000000E+00  0.00000000E+00  0.00000000E+00 -0.11156952E+00  0.00000000E+00  0.00000000E+00  0.00000000E+00  0.98976310E-02  0.14047768E-02  0.00000000E+00  0.87930273E-03  0.44254004E-01  0.14047768E-02  0.21711243E-02  0.00000000E+00  0.00000000E+00  0.00000000E+00  0.22490770E-02  0.00000000E+00  0.00000000E+00  0.00000000E+00  0.00000000E+00  0.16054032E-02  0.00000000E+00  0.92200916E-03  0.00000000E+00  0.00000000E+00
  0.92200916E-03  0.16054032E-02  0.00000000E+00  0.22490770E-02  0.00000000E+00  0.21711243E-02  0.00000000E+00  0.14047768E-02  0.47227027E-02  0.00000000E+00 -0.10600293E+01  0.00000000E+00  0.21711243E-02  0.00000000E+00  0.00000000E+00  0.22490770E-02  0.00000000E+00  0.00000000E+00  0.99575262E+00  0.00000000E+00  0.00000000E+00  0.16054032E-02  0.00000000E+00  0.00000000E+00  0.00000000E+00  0.44254004E-01  0.92200916E-03  0.00000000E+00  0.00000000E+00  0.00000000E+00  0.00000000E+00  0.00000000E+00  0.00000000E+00
  0.00000000E+00  0.44254004E-01  0.00000000E+00  0.00000000E+00  0.99575262E+00  0.00000000E+00  0.92200916E-03  0.00000000E+00  0.00000000E+00  0.00000000E+00  0.00000000E+00 -0.10659360E+01  0.00000000E+00  0.00000000E+00  0.00000000E+00  0.00000000E+00  0.00000000E+00  0.12199766E-01  0.00000000E+00  0.00000000E+00  0.21711243E-02  0.00000000E+00  0.14047768E-02  0.00000000E+00  0.87930273E-03  0.14047768E-02  0.00000000E+00  0.21711243E-02  0.00000000E+00  0.22490770E-02  0.00000000E+00  0.16054032E-02  0.92200916E-03
  0.92200916E-03  0.16054032E-02  0.00000000E+00  0.22490770E-02  0.00000000E+00  0.21711243E-02  0.00000000E+00  0.14047768E-02  0.87930273E-03  0.00000000E+00  0.69624752E-02  0.00000000E+00 -0.10609773E+01  0.00000000E+00  0.00000000E+00  0.22490770E-02  0.00000000E+00  0.00000000E+00  0.00000000E+00  0.99575262E+00  0.00000000E+00  0.16054032E-02  0.00000000E+00  0.00000000E+00  0.00000000E+00  0.00000000E+00  0.92200916E-03  0.44254004E-01  0.00000000E+00  0.00000000E+00  0.00000000E+00  0.00000000E+00  0.00000000E+00
  0.00000000E+00  0.00000000E+00  0.92200916E-03  0.00000000E+00  0.16054032E-02  0.44254004E-01  0.00000000E+00  0.00000000E+00  0.00000000E+00  0.22490770E-02  0.00000000E+00  0.00000000E+00  0.00000000E+00 -0.10947867E+00  0.69624752E-02  0.00000000E+00  0.87930273E-03  0.00000000E+00  0.14047768E-02  0.21711243E-02  0.44254004E-01  0.00000000E+00  0.00000000E+00  0.22490770E-02  0.00000000E+00  0.00000000E+00  0.00000000E+00  0.00000000E+00  0.16054032E-02  0.00000000E+00  0.92200916E-03  0.00000000E+00  0.00000000E+00
  0.00000000E+00  0.00000000E+00  0.92200916E-03  0.00000000E+00  0.16054032E-02  0.00000000E+00  0.00000000E+00  0.44254004E-01  0.00000000E+00  0.22490770E-02  0.00000000E+00  0.00000000E+00  0.00000000E+00  0.21711243E-02 -0.10853071E+00  0.00000000E+00  0.47227027E-02  0.00000000E+00  0.14047768E-02  0.21711243E-02  0.00000000E+00  0.00000000E+00  0.44254004E-01  0.22490770E-02  0.00000000E+00  0.00000000E+00  0.00000000E+00  0.00000000E+00  0.16054032E-02  0.00000000E+00  0.92200916E-03  0.00000000E+00  0.00000000E+00
  0.92200916E-03  0.16054032E-02  0.00000000E+00  0.22490770E-02  0.00000000E+00  0.21711243E-02  0.00000000E+00  0.14047768E-02  0.87930273E-03  0.00000000E+00  0.14047768E-02  0.00000000E+00  0.98976310E-02  0.00000000E+00  0.00000000E+00 -0.10630681E+01  0.00000000E+00  0.00000000E+00  0.00000000E+00  0.00000000E+00  0.00000000E+00  0.16054032E-02  0.00000000E+00  0.99575262E+00  0.00000000E+00  0.00000000E+00  0.92200916E-03  0.00000000E+00  0.00000000E+00  0.44254004E-01  0.00000000E+00  0.00000000E+00  0.00000000E+00
  0.00000000E+00  0.00000000E+00  0.92200916E-03  0.00000000E+00  0.16054032E-02  0.00000000E+00  0.00000000E+00  0.00000000E+00  0.44254004E-01  0.22490770E-02  0.00000000E+00  0.00000000E+00  0.00000000E+00  0.21711243E-02  0.14047768E-02  0.00000000E+00 -0.10521279E+00  0.00000000E+00  0.14047768E-02  0.21711243E-02  0.00000000E+00  0.00000000E+00  0.00000000E+00  0.22490770E-02  0.44254004E-01  0.00000000E+00  0.00000000E+00  0.00000000E+00  0.16054032E-02  0.00000000E+00  0.92200916E-03  0.00000000E+00  0.00000000E+00
  0.00000000E+00  0.00000000E+00  0.00000000E+00  0.44254004E-01  0.00000000E+00  0.00000000E+00  0.92200916E-03  0.00000000E+00  0.00000000E+00  0.99575262E+00  0.00000000E+00  0.16054032E-02  0.00000000E+00  0.00000000E+00  0.00000000E+00  0.00000000E+00  0.00000000E+00 -0.10630681E+01  0.00000000E+00  0.00000000E+00  0.98976310E-02  0.00000000E+00  0.14047768E-02  0.00000000E+00  0.87930273E-03  0.14047768E-02  0.00000000E+00  0.21711243E-02  0.00000000E+00  0.22490770E-02  0.00000000E+00  0.16054032E-02  0.92200916E-03
  0.00000000E+00  0.00000000E+00  0.92200916E-03  0.00000000E+00  0.16054032E-02  0.00000000E+00  0.00000000E+00  0.00000000E+00  0.00000000E+00  0.22490770E-02  0.44254004E-01  0.00000000E+00  0.00000000E+00  0.21711243E-02  0.14047768E-02  0.00000000E+00  0.47227027E-02  0.00000000E+00 -0.10853071E+00  0.21711243E-02  0.00000000E+00  0.00000000E+00  0.00000000E+00  0.22490770E-02  0.00000000E+00  0.44254004E-01  0.00000000E+00  0.00000000E+00  0.16054032E-02  0.00000000E+00  0.92200916E-03  0.00000000E+00  0.00000000E+00
  0.00000000E+00  0.00000000E+00  0.92200916E-03  0.00000000E+00  0.16054032E-02  0.00000000E+00  0.00000000E+00  0.00000000E+00  0.00000000E+00  0.22490770E-02  0.00000000E+00  0.00000000E+00  0.44254004E-01  0.21711243E-02  0.14047768E-02  0.00000000E+00  0.87930273E-03  0.00000000E+00  0.69624752E-02 -0.10947867E+00  0.00000000E+00  0.00000000E+00  0.00000000E+00  0.22490770E-02  0.00000000E+00  0.00000000E+00  0.00000000E+00  0.44254004E-01  0.16054032E-02  0.00000000E+00  0.92200916E-03  0.00000000E+00  0.00000000E+00
  0.00000000E+00  0.00000000E+00  0.00000000E+00  0.00000000E+00  0.00000000E+00  0.44254004E-01  0.92200916E-03  0.00000000E+00  0.00000000E+00  0.00000000E+00  0.00000000E+00  0.16054032E-02  0.00000000E+00  0.99575262E+00  0.00000000E+00  0.00000000E+00  0.00000000E+00  0.22490770E-02  0.00000000E+00  0.00000000E+00 -0.10609773E+01  0.00000000E+00  0.69624752E-02  0.00000000E+00  0.87930273E-03  0.14047768E-02  0.00000000E+00  0.21711243E-02  0.00000000E+00  0.22490770E-02  0.00000000E+00  0.16054032E-02  0.92200916E-03
  0.92200916E-03  0.16054032E-02  0.00000000E+00  0.22490770E-02  0.00000000E+00  0.21711243E-02  0.00000000E+00  0.14047768E-02  0.87930273E-03  0.00000000E+00  0.14047768E-02  0.00000000E+00  0.21711243E-02  0.00000000E+00  0.00000000E+00  0.12199766E-01  0.00000000E+00  0.00000000E+00  0.00000000E+00  0.00000000E+00  0.00000000E+00 -0.10659360E+01  0.00000000E+00  0.00000000E+00  0.00000000E+00  0.00000000E+00  0.92200916E-03  0.00000000E+00  0.99575262E+00  0.00000000E+00  0.00000000E+00  0.44254004E-01  0.00000000E+00
  0.00000000E+00  0.00000000E+00  0.00000000E+00  0.00000000E+00  0.00000000E+00  0.00000000E+00  0.92200916E-03  0.44254004E-01  0.00000000E+00  0.00000000E+00  0.00000000E+00  0.16054032E-02  0.00000000E+00  0.00000000E+00  0.99575262E+00  0.00000000E+00  0.00000000E+00  0.22490770E-02  0.00000000E+00  0.00000000E+00  0.21711243E-02  0.00000000E+00 -0.10600293E+01  0.00000000E+00  0.47227027E-02  0.14047768E-02  0.00000000E+00  0.21711243E-02  0.00000000E+00  0.22490770E-02  0.00000000E+00  0.16054032E-02  0.92200916E-03
  0.00000000E+00  0.00000000E+00  0.92200916E-03  0.00000000E+00  0.16054032E-02  0.00000000E+00  0.00000000E+00  0.00000000E+00  0.00000000E+00  0.22490770E-02  0.00000000E+00  0.00000000E+00  0.00000000E+00  0.21711243E-02  0.14047768E-02  0.44254004E-01  0.87930273E-03  0.00000000E+00  0.14047768E-02  0.98976310E-02  0.00000000E+00  0.00000000E+00  0.00000000E+00 -0.11156952E+00  0.00000000E+00  0.00000000E+00  0.00000000E+00  0.00000000E+00  0.16054032E-02  0.44254004E-01  0.92200916E-03  0.00000000E+00  0.00000000E+00
  0.00000000E+00  0.00000000E+00  0.00000000E+00  0.00000000E+00  0.00000000E+00  0.00000000E+00  0.92200916E-03  0.00000000E+00  0.44254004E-01  0.00000000E+00  0.00000000E+00  0.16054032E-02  0.00000000E+00  0.00000000E+00  0.00000000E+00  0.00000000E+00  0.99575262E+00  0.22490770E-02  0.00000000E+00  0.00000000E+00  0.21711243E-02  0.00000000E+00  0.14047768E-02  0.00000000E+00 -0.10567114E+01  0.14047768E-02  0.00000000E+00  0.21711243E-02  0.00000000E+00  0.22490770E-02  0.00000000E+00  0.16054032E-02  0.92200916E-03
  0.00000000E+00  0.00000000E+00  0.00000000E+00  0.00000000E+00  0.00000000E+00  0.00000000E+00  0.92200916E-03  0.00000000E+00  0.00000000E+00  0.00000000E+00  0.44254004E-01  0.16054032E-02  0.00000000E+00  0.00000000E+00  0.00000000E+00  0.00000000E+00  0.00000000E+00  0.22490770E-02  0.99575262E+00  0.00000000E+00  0.21711243E-02  0.00000000E+00  0.14047768E-02  0.00000000E+00  0.47227027E-02 -0.10600293E+01  0.00000000E+00  0.21711243E-02  0.00000000E+00  0.22490770E-02  0.00000000E+00  0.16054032E-02  0.92200916E-03
  0.92200916E-03  0.16054032E-02  0.00000000E+00  0.22490770E-02  0.00000000E+00  0.21711243E-02  0.00000000E+00  0.14047768E-02  0.87930273E-03  0.00000000E+00  0.14047768E-02  0.00000000E+00  0.21711243E-02  0.00000000E+00  0.00000000E+00  0.22490770E-02  0.00000000E+00  0.00000000E+00  0.00000000E+00  0.00000000E+00  0.00000000E+00  0.13798482E-01  0.00000000E+00  0.00000000E+00  0.00000000E+00  0.00000000E+00 -0.10688618E+01  0.00000000E+00  0.00000000E+00  0.00000000E+00  0.99575262E+00  0.00000000E+00  0.44254004E-01
  0.00000000E+00  0.00000000E+00  0.00000000E+00  0.00000000E+00  0.00000000E+00  0.00000000E+00  0.92200916E-03  0.00000000E+00  0.00000000E+00  0.00000000E+00  0.00000000E+00  0.16054032E-02  0.44254004E-01  0.00000000E+00  0.00000000E+00  0.00000000E+00  0.00000000E+00  0.22490770E-02  0.00000000E+00  0.99575262E+00  0.21711243E-02  0.00000000E+00  0.14047768E-02  0.00000000E+00  0.87930273E-03  0.69624752E-02  0.00000000E+00 -0.10609773E+01  0.00000000E+00  0.22490770E-02  0.00000000E+00  0.16054032E-02  0.92200916E-03
  0.00000000E+00  0.00000000E+00  0.92200916E-03  0.00000000E+00  0.16054032E-02  0.00000000E+00  0.00000000E+00  0.00000000E+00  0.00000000E+00  0.22490770E-02  0.00000000E+00  0.00000000E+00  0.00000000E+00  0.21711243E-02  0.14047768E-02  0.00000000E+00  0.87930273E-03  0.00000000E+00  0.14047768E-02  0.21711243E-02  0.00000000E+00  0.44254004E-01  0.00000000E+00  0.12199766E-01  0.00000000E+00  0.00000000E+00  0.00000000E+00  0.00000000E+00 -0.11443738E+00  0.00000000E+00  0.92200916E-03  0.44254004E-01  0.00000000E+00
  0.00000000E+00  0.00000000E+00  0.00000000E+00  0.00000000E+00  0.00000000E+00  0.00000000E+00  0.92200916E-03  0.00000000E+00  0.00000000E+00  0.00000000E+00  0.00000000E+00  0.16054032E-02  0.00000000E+00  0.00000000E+00  0.00000000E+00  0.44254004E-01  0.00000000E+00  0.22490770E-02  0.00000000E+00  0.00000000E+00  0.21711243E-02  0.00000000E+00  0.14047768E-02  0.99575262E+00  0.87930273E-03  0.14047768E-02  0.00000000E+00  0.98976310E-02  0.00000000E+00 -0.10630681E+01  0.00000000E+00  0.16054032E-02  0.92200916E-03
  0.00000000E+00  0.00000000E+00  0.92200916E-03  0.00000000E+00  0.16054032E-02  0.00000000E+00  0.00000000E+00  0.00000000E+00  0.00000000E+00  0.22490770E-02  0.00000000E+00  0.00000000E+00  0.00000000E+00  0.21711243E-02  0.14047768E-02  0.00000000E+00  0.87930273E-03  0.00000000E+00  0.14047768E-02  0.21711243E-02  0.00000000E+00  0.00000000E+00  0.00000000E+00  0.22490770E-02  0.00000000E+00  0.00000000E+00  0.44254004E-01  0.00000000E+00  0.13798482E-01  0.00000000E+00 -0.11736316E+00  0.00000000E+00  0.44254004E-01
  0.00000000E+00  0.00000000E+00  0.00000000E+00  0.00000000E+00  0.00000000E+00  0.00000000E+00  0.92200916E-03  0.00000000E+00  0.00000000E+00  0.00000000E+00  0.00000000E+00  0.16054032E-02  0.00000000E+00  0.00000000E+00  0.00000000E+00  0.00000000E+00  0.00000000E+00  0.22490770E-02  0.00000000E+00  0.00000000E+00  0.21711243E-02  0.44254004E-01  0.14047768E-02  0.00000000E+00  0.87930273E-03  0.14047768E-02  0.00000000E+00  0.21711243E-02  0.99575262E+00  0.12199766E-01  0.00000000E+00 -0.10659360E+01  0.92200916E-03
  0.00000000E+00  0.00000000E+00  0.00000000E+00  0.00000000E+00  0.00000000E+00  0.00000000E+00  0.92200916E-03  0.00000000E+00  0.00000000E+00  0.00000000E+00  0.00000000E+00  0.16054032E-02  0.00000000E+00  0.00000000E+00  0.00000000E+00  0.00000000E+00  0.00000000E+00  0.22490770E-02  0.00000000E+00  0.00000000E+00  0.21711243E-02  0.00000000E+00  0.14047768E-02  0.00000000E+00  0.87930273E-03  0.14047768E-02  0.44254004E-01  0.21711243E-02  0.00000000E+00  0.22490770E-02  0.99575262E+00  0.13798482E-01 -0.10688618E+01
