  0.30226035E+00  0.53799295E-02  0.63567095E+00  0.54135859E-03  0.65749048E-03  0.11314302E-01  0.65767871E-03  0.29209004E-01  0.11385083E-02  0.60694273E-03  0.13827404E-02  0.51989083E-03  0.65767869E-03  0.13831363E-02  0.52314322E-04  0.65744735E-03  0.12764356E-02  0.63536756E-04  0.51590377E-03  0.13831362E-02  0.63554946E-04  0.32941444E-03  0.13826497E-02  0.58652062E-04  0.10849754E-02  0.26579525E-03  0.63554944E-04  0.69277757E-03  0.63532588E-04  0.49854489E-04  0.55898273E-03  0.31833047E-04  0.25685190E-04
  0.26579525E-03  0.30331232E+00  0.55898273E-03  0.45880232E-02  0.67297343E-03  0.63788330E+00  0.65769659E-03  0.25685190E-04  0.96488773E-02  0.60694273E-03  0.14153019E-02  0.29310662E-01  0.65767869E-03  0.13831739E-02  0.44336476E-03  0.65744735E-03  0.12764356E-02  0.65032955E-04  0.51590377E-03  0.13831362E-02  0.63556674E-04  0.32941444E-03  0.13826497E-02  0.58652062E-04  0.10849754E-02  0.26579525E-03  0.63554944E-04  0.69277757E-03  0.63532588E-04  0.49854489E-04  0.55898273E-03  0.31833047E-04  0.25685190E-04
  0.29209004E-01  0.51989083E-03  0.90872230E+00  0.52314322E-04  0.63536756E-04  0.16174341E-01  0.63554946E-04  0.29209004E-01  0.16275526E-02  0.58652062E-04  0.19766941E-02  0.51989083E-03  0.63554944E-04  0.19772600E-02  0.52314322E-04  0.63532588E-04  0.18247262E-02  0.63536756E-04  0.49854489E-04  0.19772600E-02  0.63554946E-04  0.31833047E-04  0.19765644E-02  0.58652062E-04  0.15510247E-02  0.25685190E-04  0.63554944E-04  0.99035897E-03  0.63532588E-04  0.49854489E-04  0.79909279E-03  0.31833047E-04  0.25685190E-04
  0.26579525E-03  0.32941444E-03  0.55898273E-03  0.30448786E+00  0.37480410E-02  0.69277757E-03  0.66569584E-03  0.25685190E-04  0.64035552E+00  0.60694790E-03  0.78823465E-02  0.31833047E-04  0.65767869E-03  0.13999967E-02  0.29424260E-01  0.65744735E-03  0.12764464E-02  0.36219288E-03  0.51590377E-03  0.13831362E-02  0.64329683E-04  0.32941444E-03  0.13826497E-02  0.58652562E-04  0.10849754E-02  0.26579525E-03  0.63554944E-04  0.69277757E-03  0.63532588E-04  0.49854489E-04  0.55898273E-03  0.31833047E-04  0.25685190E-04
  0.26579525E-03  0.32941444E-03  0.55898273E-03  0.51590377E-03  0.30561551E+00  0.69277757E-03  0.27671281E-02  0.25685190E-04  0.10849754E-02  0.61000331E-03  0.64272704E+00  0.31833047E-04  0.65767869E-03  0.58194300E-02  0.49854489E-04  0.65744735E-03  0.12828721E-02  0.29533231E-01  0.51590377E-03  0.13831362E-02  0.26740211E-03  0.32941444E-03  0.13826497E-02  0.58947822E-04  0.10849754E-02  0.26579525E-03  0.63554944E-04  0.69277757E-03  0.63532588E-04  0.49854489E-04  0.55898273E-03  0.31833047E-04  0.25685190E-04
  0.25685190E-04  0.29310662E-01  0.79909279E-03  0.44336476E-03  0.65032955E-04  0.91188496E+00  0.63556674E-04  0.25685190E-04  0.13793536E-01  0.58652062E-04  0.20232424E-02  0.29310662E-01  0.63554944E-04  0.19773138E-02  0.44336476E-03  0.63532588E-04  0.18247262E-02  0.65032955E-04  0.49854489E-04  0.19772600E-02  0.63556674E-04  0.31833047E-04  0.19765644E-02  0.58652062E-04  0.15510247E-02  0.25685190E-04  0.63554944E-04  0.99035897E-03  0.63532588E-04  0.49854489E-04  0.79909279E-03  0.31833047E-04  0.25685190E-04
  0.26579525E-03  0.32941444E-03  0.55898273E-03  0.51590377E-03  0.65744735E-03  0.69277757E-03  0.30654456E+00  0.25685190E-04  0.10849754E-02  0.17906339E-02  0.13826497E-02  0.31833047E-04  0.65767869E-03  0.64468088E+00  0.49854489E-04  0.65744735E-03  0.37658063E-02  0.63532588E-04  0.51590377E-03  0.13831362E-02  0.29623010E-01  0.32941444E-03  0.13826497E-02  0.17303835E-03  0.10849754E-02  0.26579525E-03  0.63554944E-04  0.69277757E-03  0.63532588E-04  0.49854489E-04  0.55898273E-03  0.31833047E-04  0.25685190E-04
  0.29209004E-01  0.51989083E-03  0.63567095E+00  0.52314322E-04  0.63536756E-04  0.11314302E-01  0.63554946E-04  0.30226035E+00  0.11385083E-02  0.58652062E-04  0.13827404E-02  0.53799295E-02  0.63554944E-04  0.13831363E-02  0.54135859E-03  0.63532588E-04  0.12764356E-02  0.65749048E-03  0.49854489E-04  0.13831362E-02  0.65767871E-03  0.31833047E-04  0.13826497E-02  0.60694273E-03  0.10849754E-02  0.25685190E-04  0.65767869E-03  0.69277757E-03  0.65744735E-03  0.51590377E-03  0.55898273E-03  0.32941444E-03  0.26579525E-03
  0.25685190E-04  0.31833047E-04  0.79909279E-03  0.29424260E-01  0.36219288E-03  0.99035897E-03  0.64329683E-04  0.25685190E-04  0.91541912E+00  0.58652562E-04  0.11268195E-01  0.31833047E-04  0.63554944E-04  0.20013629E-02  0.29424260E-01  0.63532588E-04  0.18247418E-02  0.36219288E-03  0.49854489E-04  0.19772600E-02  0.64329683E-04  0.31833047E-04  0.19765644E-02  0.58652562E-04  0.15510247E-02  0.25685190E-04  0.63554944E-04  0.99035897E-03  0.63532588E-04  0.49854489E-04  0.79909279E-03  0.31833047E-04  0.25685190E-04
  0.26579525E-03  0.32941444E-03  0.55898273E-03  0.51590377E-03  0.65744735E-03  0.69277757E-03  0.65767869E-03  0.25685190E-04  0.10849754E-02  0.30767751E+00  0.13826497E-02  0.31833047E-04  0.65767869E-03  0.13831362E-02  0.49854489E-04  0.65744735E-03  0.64706355E+00  0.63532588E-04  0.51590377E-03  0.13831362E-02  0.63554944E-04  0.32941444E-03  0.13826497E-02  0.29732493E-01  0.10849754E-02  0.26579525E-03  0.63554944E-04  0.69277757E-03  0.63532588E-04  0.49854489E-04  0.55898273E-03  0.31833047E-04  0.25685190E-04
  0.25685190E-04  0.31833047E-04  0.79909279E-03  0.49854489E-04  0.29533231E-01  0.99035897E-03  0.26740211E-03  0.25685190E-04  0.15510247E-02  0.58947822E-04  0.91880931E+00  0.31833047E-04  0.63554944E-04  0.83191560E-02  0.49854489E-04  0.63532588E-04  0.18339276E-02  0.29533231E-01  0.49854489E-04  0.19772600E-02  0.26740211E-03  0.31833047E-04  0.19765644E-02  0.58947822E-04  0.15510247E-02  0.25685190E-04  0.63554944E-04  0.99035897E-03  0.63532588E-04  0.49854489E-04  0.79909279E-03  0.31833047E-04  0.25685190E-04
  0.25685190E-04  0.29310662E-01  0.55898273E-03  0.44336476E-03  0.65032955E-04  0.63788330E+00  0.63556674E-04  0.26579525E-03  0.96488773E-02  0.58652062E-04  0.14153019E-02  0.30331232E+00  0.63554944E-04  0.13831739E-02  0.45880232E-02  0.63532588E-04  0.12764356E-02  0.67297343E-03  0.49854489E-04  0.13831362E-02  0.65769659E-03  0.31833047E-04  0.13826497E-02  0.60694273E-03  0.10849754E-02  0.25685190E-04  0.65767869E-03  0.69277757E-03  0.65744735E-03  0.51590377E-03  0.55898273E-03  0.32941444E-03  0.26579525E-03
  0.26579525E-03  0.32941444E-03  0.55898273E-03  0.51590377E-03  0.65744735E-03  0.69277757E-03  0.65767869E-03  0.25685190E-04  0.10849754E-02  0.17906339E-02  0.13826497E-02  0.31833047E-04  0.30654456E+00  0.13831362E-02  0.49854489E-04  0.65744735E-03  0.37658063E-02  0.63532588E-04  0.51590377E-03  0.64468088E+00  0.63554944E-04  0.32941444E-03  0.13826497E-02  0.17303835E-03  0.10849754E-02  0.26579525E-03  0.29623010E-01  0.69277757E-03  0.63532588E-04  0.49854489E-04  0.55898273E-03  0.31833047E-04  0.25685190E-04
  0.25685190E-04  0.31833047E-04  0.79909279E-03  0.49854489E-04  0.63532588E-04  0.99035897E-03  0.29623010E-01  0.25685190E-04  0.15510247E-02  0.17303835E-03  0.19765644E-02  0.31833047E-04  0.63554944E-04  0.92160243E+00  0.49854489E-04  0.63532588E-04  0.53834018E-02  0.63532588E-04  0.49854489E-04  0.19772600E-02  0.29623010E-01  0.31833047E-04  0.19765644E-02  0.17303835E-03  0.15510247E-02  0.25685190E-04  0.63554944E-04  0.99035897E-03  0.63532588E-04  0.49854489E-04  0.79909279E-03  0.31833047E-04  0.25685190E-04
  0.25685190E-04  0.31833047E-04  0.55898273E-03  0.29424260E-01  0.36219288E-03  0.69277757E-03  0.64329683E-04  0.26579525E-03  0.64035552E+00  0.58652562E-04  0.78823465E-02  0.32941444E-03  0.63554944E-04  0.13999967E-02  0.30448786E+00  0.63532588E-04  0.12764464E-02  0.37480410E-02  0.49854489E-04  0.13831362E-02  0.66569584E-03  0.31833047E-04  0.13826497E-02  0.60694790E-03  0.10849754E-02  0.25685190E-04  0.65767869E-03  0.69277757E-03  0.65744735E-03  0.51590377E-03  0.55898273E-03  0.32941444E-03  0.26579525E-03
  0.26579525E-03  0.32941444E-03  0.55898273E-03  0.51590377E-03  0.65744735E-03  0.69277757E-03  0.65767869E-03  0.25685190E-04  0.10849754E-02  0.61000331E-03  0.13826497E-02  0.31833047E-04  0.27671281E-02  0.13831362E-02  0.49854489E-04  0.30561551E+00  0.12828721E-02  0.63532588E-04  0.51590377E-03  0.58194300E-02  0.63554944E-04  0.32941444E-03  0.64272704E+00  0.58947822E-04  0.10849754E-02  0.26579525E-03  0.26740211E-03  0.69277757E-03  0.29533231E-01  0.49854489E-04  0.55898273E-03  0.31833047E-04  0.25685190E-04
  0.25685190E-04  0.31833047E-04  0.79909279E-03  0.49854489E-04  0.63532588E-04  0.99035897E-03  0.63554944E-04  0.25685190E-04  0.15510247E-02  0.29732493E-01  0.19765644E-02  0.31833047E-04  0.63554944E-04  0.19772600E-02  0.49854489E-04  0.63532588E-04  0.92500857E+00  0.63532588E-04  0.49854489E-04  0.19772600E-02  0.63554944E-04  0.31833047E-04  0.19765644E-02  0.29732493E-01  0.15510247E-02  0.25685190E-04  0.63554944E-04  0.99035897E-03  0.63532588E-04  0.49854489E-04  0.79909279E-03  0.31833047E-04  0.25685190E-04
  0.25685190E-04  0.31833047E-04  0.55898273E-03  0.49854489E-04  0.29533231E-01  0.69277757E-03  0.26740211E-03  0.26579525E-03  0.10849754E-02  0.58947822E-04  0.64272704E+00  0.32941444E-03  0.63554944E-04  0.58194300E-02  0.51590377E-03  0.63532588E-04  0.12828721E-02  0.30561551E+00  0.49854489E-04  0.13831362E-02  0.27671281E-02  0.31833047E-04  0.13826497E-02  0.61000331E-03  0.10849754E-02  0.25685190E-04  0.65767869E-03  0.69277757E-03  0.65744735E-03  0.51590377E-03  0.55898273E-03  0.32941444E-03  0.26579525E-03
  0.26579525E-03  0.32941444E-03  0.55898273E-03  0.51590377E-03  0.65744735E-03  0.69277757E-03  0.65767869E-03  0.25685190E-04  0.10849754E-02  0.60694790E-03  0.13826497E-02  0.31833047E-04  0.66569584E-03  0.13831362E-02  0.49854489E-04  0.37480410E-02  0.12764464E-02  0.63532588E-04  0.30448786E+00  0.13999967E-02  0.63554944E-04  0.32941444E-03  0.78823465E-02  0.58652562E-04  0.64035552E+00  0.26579525E-03  0.64329683E-04  0.69277757E-03  0.36219288E-03  0.29424260E-01  0.55898273E-03  0.31833047E-04  0.25685190E-04
  0.25685190E-04  0.31833047E-04  0.79909279E-03  0.49854489E-04  0.63532588E-04  0.99035897E-03  0.63554944E-04  0.25685190E-04  0.15510247E-02  0.17303835E-03  0.19765644E-02  0.31833047E-04  0.29623010E-01  0.19772600E-02  0.49854489E-04  0.63532588E-04  0.53834018E-02  0.63532588E-04  0.49854489E-04  0.92160243E+00  0.63554944E-04  0.31833047E-04  0.19765644E-02  0.17303835E-03  0.15510247E-02  0.25685190E-04  0.29623010E-01  0.99035897E-03  0.63532588E-04  0.49854489E-04  0.79909279E-03  0.31833047E-04  0.25685190E-04
  0.25685190E-04  0.31833047E-04  0.55898273E-03  0.49854489E-04  0.63532588E-04  0.69277757E-03  0.29623010E-01  0.26579525E-03  0.10849754E-02  0.17303835E-03  0.13826497E-02  0.32941444E-03  0.63554944E-04  0.64468088E+00  0.51590377E-03  0.63532588E-04  0.37658063E-02  0.65744735E-03  0.49854489E-04  0.13831362E-02  0.30654456E+00  0.31833047E-04  0.13826497E-02  0.17906339E-02  0.10849754E-02  0.25685190E-04  0.65767869E-03  0.69277757E-03  0.65744735E-03  0.51590377E-03  0.55898273E-03  0.32941444E-03  0.26579525E-03
  0.26579525E-03  0.32941444E-03  0.55898273E-03  0.51590377E-03  0.65744735E-03  0.69277757E-03  0.65767869E-03  0.25685190E-04  0.10849754E-02  0.60694273E-03  0.13826497E-02  0.31833047E-04  0.65769659E-03  0.13831362E-02  0.49854489E-04  0.67297343E-03  0.12764356E-02  0.63532588E-04  0.45880232E-02  0.13831739E-02  0.63554944E-04  0.30331232E+00  0.14153019E-02  0.58652062E-04  0.96488773E-02  0.26579525E-03  0.63556674E-04  0.63788330E+00  0.65032955E-04  0.44336476E-03  0.55898273E-03  0.29310662E-01  0.25685190E-04
  0.25685190E-04  0.31833047E-04  0.79909279E-03  0.49854489E-04  0.63532588E-04  0.99035897E-03  0.63554944E-04  0.25685190E-04  0.15510247E-02  0.58947822E-04  0.19765644E-02  0.31833047E-04  0.26740211E-03  0.19772600E-02  0.49854489E-04  0.29533231E-01  0.18339276E-02  0.63532588E-04  0.49854489E-04  0.83191560E-02  0.63554944E-04  0.31833047E-04  0.91880931E+00  0.58947822E-04  0.15510247E-02  0.25685190E-04  0.26740211E-03  0.99035897E-03  0.29533231E-01  0.49854489E-04  0.79909279E-03  0.31833047E-04  0.25685190E-04
  0.25685190E-04  0.31833047E-04  0.55898273E-03  0.49854489E-04  0.63532588E-04  0.69277757E-03  0.63554944E-04  0.26579525E-03  0.10849754E-02  0.29732493E-01  0.13826497E-02  0.32941444E-03  0.63554944E-04  0.13831362E-02  0.51590377E-03  0.63532588E-04  0.64706355E+00  0.65744735E-03  0.49854489E-04  0.13831362E-02  0.65767869E-03  0.31833047E-04  0.13826497E-02  0.30767751E+00  0.10849754E-02  0.25685190E-04  0.65767869E-03  0.69277757E-03  0.65744735E-03  0.51590377E-03  0.55898273E-03  0.32941444E-03  0.26579525E-03
  0.25685190E-04  0.31833047E-04  0.79909279E-03  0.49854489E-04  0.63532588E-04  0.99035897E-03  0.63554944E-04  0.25685190E-04  0.15510247E-02  0.58652562E-04  0.19765644E-02  0.31833047E-04  0.64329683E-04  0.19772600E-02  0.49854489E-04  0.36219288E-03  0.18247418E-02  0.63532588E-04  0.29424260E-01  0.20013629E-02  0.63554944E-04  0.31833047E-04  0.11268195E-01  0.58652562E-04  0.91541912E+00  0.25685190E-04  0.64329683E-04  0.99035897E-03  0.36219288E-03  0.29424260E-01  0.79909279E-03  0.31833047E-04  0.25685190E-04
  0.26579525E-03  0.32941444E-03  0.55898273E-03  0.51590377E-03  0.65744735E-03  0.69277757E-03  0.65767869E-03  0.25685190E-04  0.10849754E-02  0.60694273E-03  0.13826497E-02  0.31833047E-04  0.65767871E-03  0.13831362E-02  0.49854489E-04  0.65749048E-03  0.12764356E-02  0.63532588E-04  0.54135859E-03  0.13831363E-02  0.63554944E-04  0.53799295E-02  0.13827404E-02  0.58652062E-04  0.11385083E-02  0.30226035E+00  0.63554946E-04  0.11314302E-01  0.63536756E-04  0.52314322E-04  0.63567095E+00  0.51989083E-03  0.29209004E-01
  0.25685190E-04  0.31833047E-04  0.55898273E-03  0.49854489E-04  0.63532588E-04  0.69277757E-03  0.63554944E-04  0.26579525E-03  0.10849754E-02  0.17303835E-03  0.13826497E-02  0.32941444E-03  0.29623010E-01  0.13831362E-02  0.51590377E-03  0.63532588E-04  0.37658063E-02  0.65744735E-03  0.49854489E-04  0.64468088E+00  0.65767869E-03  0.31833047E-04  0.13826497E-02  0.17906339E-02  0.10849754E-02  0.25685190E-04  0.30654456E+00  0.69277757E-03  0.65744735E-03  0.51590377E-03  0.55898273E-03  0.32941444E-03  0.26579525E-03
  0.25685190E-04  0.31833047E-04  0.79909279E-03  0.49854489E-04  0.63532588E-04  0.99035897E-03  0.63554944E-04  0.25685190E-04  0.15510247E-02  0.58652062E-04  0.19765644E-02  0.31833047E-04  0.63556674E-04  0.19772600E-02  0.49854489E-04  0.65032955E-04  0.18247262E-02  0.63532588E-04  0.44336476E-03  0.19773138E-02  0.63554944E-04  0.29310662E-01  0.20232424E-02  0.58652062E-04  0.13793536E-01  0.25685190E-04  0.63556674E-04  0.91188496E+00  0.65032955E-04  0.44336476E-03  0.79909279E-03  0.29310662E-01  0.25685190E-04
  0.25685190E-04  0.31833047E-04  0.55898273E-03  0.49854489E-04  0.63532588E-04  0.69277757E-03  0.63554944E-04  0.26579525E-03  0.10849754E-02  0.58947822E-04  0.13826497E-02  0.32941444E-03  0.26740211E-03  0.13831362E-02  0.51590377E-03  0.29533231E-01  0.12828721E-02  0.65744735E-03  0.49854489E-04  0.58194300E-02  0.65767869E-03  0.31833047E-04  0.64272704E+00  0.61000331E-03  0.10849754E-02  0.25685190E-04  0.27671281E-02  0.69277757E-03  0.30561551E+00  0.51590377E-03  0.55898273E-03  0.32941444E-03  0.26579525E-03
  0.25685190E-04  0.31833047E-04  0.55898273E-03  0.49854489E-04  0.63532588E-04  0.69277757E-03  0.63554944E-04  0.26579525E-03  0.10849754E-02  0.58652562E-04  0.13826497E-02  0.32941444E-03  0.64329683E-04  0.13831362E-02  0.51590377E-03  0.36219288E-03  0.12764464E-02  0.65744735E-03  0.29424260E-01  0.13999967E-02  0.65767869E-03  0.31833047E-04  0.78823465E-02  0.60694790E-03  0.64035552E+00  0.25685190E-04  0.66569584E-03  0.69277757E-03  0.37480410E-02  0.30448786E+00  0.55898273E-03  0.32941444E-03  0.26579525E-03
  0.25685190E-04  0.31833047E-04  0.79909279E-03  0.49854489E-04  0.63532588E-04  0.99035897E-03  0.63554944E-04  0.25685190E-04  0.15510247E-02  0.58652062E-04  0.19765644E-02  0.31833047E-04  0.63554946E-04  0.19772600E-02  0.49854489E-04  0.63536756E-04  0.18247262E-02  0.63532588E-04  0.52314322E-04  0.19772600E-02  0.63554944E-04  0.51989083E-03  0.19766941E-02  0.58652062E-04  0.16275526E-02  0.29209004E-01  0.63554946E-04  0.16174341E-01  0.63536756E-04  0.52314322E-04  0.90872230E+00  0.51989083E-03  0.29209004E-01
  0.25685190E-04  0.31833047E-04  0.55898273E-03  0.49854489E-04  0.63532588E-04  0.69277757E-03  0.63554944E-04  0.26579525E-03  0.10849754E-02  0.58652062E-04  0.13826497E-02  0.32941444E-03  0.63556674E-04  0.13831362E-02  0.51590377E-03  0.65032955E-04  0.12764356E-02  0.65744735E-03  0.44336476E-03  0.13831739E-02  0.65767869E-03  0.29310662E-01  0.14153019E-02  0.60694273E-03  0.96488773E-02  0.25685190E-04  0.65769659E-03  0.63788330E+00  0.67297343E-03  0.45880232E-02  0.55898273E-03  0.30331232E+00  0.26579525E-03
  0.25685190E-04  0.31833047E-04  0.55898273E-03  0.49854489E-04  0.63532588E-04  0.69277757E-03  0.63554944E-04  0.26579525E-03  0.10849754E-02  0.58652062E-04  0.13826497E-02  0.32941444E-03  0.63554946E-04  0.13831362E-02  0.51590377E-03  0.63536756E-04  0.12764356E-02  0.65744735E-03  0.52314322E-04  0.13831363E-02  0.65767869E-03  0.51989083E-03  0.13827404E-02  0.60694273E-03  0.11385083E-02  0.29209004E-01  0.65767871E-03  0.11314302E-01  0.65749048E-03  0.54135859E-03  0.63567095E+00  0.53799295E-02  0.30226035E+00
