  0.99301158E+00  0.42687708E-02  0.23004519E-03  0.34415069E-03  0.43557482E-03  0.46976079E-03  0.43557482E-03  0.34415069E-03  0.23004519E-03  0.13030928E-03  0.10003969E-03
  0.10003969E-03  0.99386890E+00  0.35414510E-02  0.34415069E-03  0.43557482E-03  0.46976079E-03  0.43557482E-03  0.34415069E-03  0.23004519E-03  0.13030928E-03  0.10003969E-03
  0.10003969E-03  0.13030928E-03  0.99479565E+00  0.28285474E-02  0.43557482E-03  0.46976079E-03  0.43557482E-03  0.34415069E-03  0.23004519E-03  0.13030928E-03  0.10003969E-03
  0.10003969E-03  0.13030928E-03  0.23004519E-03  0.99573662E+00  0.20931094E-02  0.46976079E-03  0.43557482E-03  0.34415069E-03  0.23004519E-03  0.13030928E-03  0.10003969E-03
  0.10003969E-03  0.13030928E-03  0.23004519E-03  0.34415069E-03  0.99665307E+00  0.13022608E-02  0.43557482E-03  0.34415069E-03  0.23004519E-03  0.13030928E-03  0.10003969E-03
  0.10003969E-03  0.13030928E-03  0.23004519E-03  0.34415069E-03  0.43557482E-03  0.99751976E+00  0.43557482E-03  0.34415069E-03  0.23004519E-03  0.13030928E-03  0.10003969E-03
  0.10003969E-03  0.13030928E-03  0.23004519E-03  0.34415069E-03  0.43557482E-03  0.13022608E-02  0.99665307E+00  0.34415069E-03  0.23004519E-03  0.13030928E-03  0.10003969E-03
  0.10003969E-03  0.13030928E-03  0.23004519E-03  0.34415069E-03  0.43557482E-03  0.46976079E-03  0.20931094E-02  0.99573662E+00  0.23004519E-03  0.13030928E-03  0.10003969E-03
  0.10003969E-03  0.13030928E-03  0.23004519E-03  0.34415069E-03  0.43557482E-03  0.46976079E-03  0.43557482E-03  0.28285474E-02  0.99479565E+00  0.13030928E-03  0.10003969E-03
  0.10003969E-03  0.13030928E-03  0.23004519E-03  0.34415069E-03  0.43557482E-03  0.46976079E-03  0.43557482E-03  0.34415069E-03  0.35414510E-02  0.99386890E+00  0.10003969E-03
  0.10003969E-03  0.13030928E-03  0.23004519E-03  0.34415069E-03  0.43557482E-03  0.46976079E-03  0.43557482E-03  0.34415069E-03  0.23004519E-03  0.42687708E-02  0.99301158E+00
