  0.97234213E+00  0.16743393E-01  0.99647960E-03  0.13706637E-02  0.17358462E-02  0.18750804E-02  0.17358461E-02  0.13705283E-02  0.91528130E-03  0.51882400E-03  0.39592406E-03
  0.39592406E-03  0.97570745E+00  0.13929886E-01  0.14193544E-02  0.17359004E-02  0.18750804E-02  0.17358461E-02  0.13705283E-02  0.91528130E-03  0.51882400E-03  0.39592406E-03
  0.39592406E-03  0.51882400E-03  0.97935425E+00  0.11159178E-01  0.17603268E-02  0.18750941E-02  0.17358461E-02  0.13705283E-02  0.91528130E-03  0.51882400E-03  0.39592406E-03
  0.39592406E-03  0.51882400E-03  0.91528130E-03  0.98306737E+00  0.82828946E-02  0.18832973E-02  0.17358461E-02  0.13705283E-02  0.91528130E-03  0.51882400E-03  0.39592406E-03
  0.39592406E-03  0.51882400E-03  0.91528130E-03  0.13705283E-02  0.98669147E+00  0.51715652E-02  0.17358461E-02  0.13705283E-02  0.91528130E-03  0.51882400E-03  0.39592406E-03
  0.39592406E-03  0.51882400E-03  0.91528130E-03  0.13705283E-02  0.17358461E-02  0.99012719E+00  0.17358461E-02  0.13705283E-02  0.91528130E-03  0.51882400E-03  0.39592406E-03
  0.39592406E-03  0.51882400E-03  0.91528130E-03  0.13705283E-02  0.17358461E-02  0.51715652E-02  0.98669147E+00  0.13705283E-02  0.91528130E-03  0.51882400E-03  0.39592406E-03
  0.39592406E-03  0.51882400E-03  0.91528130E-03  0.13705283E-02  0.17358461E-02  0.18832973E-02  0.82828946E-02  0.98306737E+00  0.91528130E-03  0.51882400E-03  0.39592406E-03
  0.39592406E-03  0.51882400E-03  0.91528130E-03  0.13705283E-02  0.17358461E-02  0.18750941E-02  0.17603268E-02  0.11159178E-01  0.97935425E+00  0.51882400E-03  0.39592406E-03
  0.39592406E-03  0.51882400E-03  0.91528130E-03  0.13705283E-02  0.17358461E-02  0.18750804E-02  0.17359004E-02  0.14193544E-02  0.13929886E-01  0.97570745E+00  0.39592406E-03
  0.39592406E-03  0.51882400E-03  0.91528130E-03  0.13705283E-02  0.17358461E-02  0.18750804E-02  0.17358462E-02  0.13706637E-02  0.99647960E-03  0.16743393E-01  0.97234213E+00
