  0.39947047E-03
  0.85310030E-03
  0.17180210E-02
  0.13314091E-01
  0.30405537E-02
  0.28433279E-01
  0.45918779E-02
  0.57260525E-01
  0.39947047E-03
  0.70990301E-02
  0.10133968E+00
  0.85310030E-03
  0.45918779E-02
  0.15304431E+00
  0.17180210E-02
  0.30405537E-02
  0.23660607E+00
  0.30405537E-02
  0.17180210E-02
  0.15304431E+00
  0.45918779E-02
  0.85310030E-03
  0.10133968E+00
  0.70990301E-02
  0.39947047E-03
  0.57260525E-01
  0.45918779E-02
  0.28433279E-01
  0.30405537E-02
  0.13314091E-01
  0.17180210E-02
  0.85310030E-03
  0.39947047E-03
