 -0.26438654E+01
 -0.22709683E+01
 -0.18986844E+01
 -0.18537178E+01
 -0.15272232E+01
 -0.14808208E+01
 -0.11570255E+01
 -0.11085368E+01
 -0.10635703E+01
 -0.79014753E+00
 -0.73707566E+00
 -0.69067326E+00
 -0.42326956E+00
 -0.36687797E+00
 -0.31838929E+00
 -0.53071874E-01
  0.00000000E+00
  0.53071874E-01
  0.31838929E+00
  0.36687797E+00
  0.42326956E+00
  0.69067326E+00
  0.73707566E+00
  0.79014753E+00
  0.10635703E+01
  0.11085368E+01
  0.11570255E+01
  0.14808208E+01
  0.15272232E+01
  0.18537178E+01
  0.18986844E+01
  0.22709683E+01
  0.26438654E+01
