 -0.10194219E+01  0.17075083E-01  0.92018075E-03  0.96258714E+00  0.13766028E-02  0.00000000E+00  0.17422993E-02  0.00000000E+00  0.28881065E-01  0.18790432E-02  0.00000000E+00  0.00000000E+00  0.17422993E-02  0.00000000E+00  0.00000000E+00  0.13766028E-02  0.00000000E+00  0.00000000E+00  0.92018075E-03  0.00000000E+00  0.00000000E+00  0.52123710E-03  0.00000000E+00  0.00000000E+00  0.40015875E-03  0.00000000E+00  0.00000000E+00  0.00000000E+00  0.00000000E+00  0.00000000E+00  0.00000000E+00  0.00000000E+00  0.00000000E+00
  0.40015875E-03 -0.10159926E+01  0.14165804E-01  0.00000000E+00  0.13766028E-02  0.96258714E+00  0.17422993E-02  0.00000000E+00  0.00000000E+00  0.18790432E-02  0.00000000E+00  0.28881065E-01  0.17422993E-02  0.00000000E+00  0.00000000E+00  0.13766028E-02  0.00000000E+00  0.00000000E+00  0.92018075E-03  0.00000000E+00  0.00000000E+00  0.52123710E-03  0.00000000E+00  0.00000000E+00  0.40015875E-03  0.00000000E+00  0.00000000E+00  0.00000000E+00  0.00000000E+00  0.00000000E+00  0.00000000E+00  0.00000000E+00  0.00000000E+00
  0.40015875E-03  0.52123710E-03 -0.10122856E+01  0.00000000E+00  0.11314190E-01  0.00000000E+00  0.17422993E-02  0.96258714E+00  0.00000000E+00  0.18790432E-02  0.00000000E+00  0.00000000E+00  0.17422993E-02  0.00000000E+00  0.28881065E-01  0.13766028E-02  0.00000000E+00  0.00000000E+00  0.92018075E-03  0.00000000E+00  0.00000000E+00  0.52123710E-03  0.00000000E+00  0.00000000E+00  0.40015875E-03  0.00000000E+00  0.00000000E+00  0.00000000E+00  0.00000000E+00  0.00000000E+00  0.00000000E+00  0.00000000E+00  0.00000000E+00
  0.28881065E-01  0.00000000E+00  0.00000000E+00 -0.85715817E-01  0.00000000E+00  0.17075083E-01  0.00000000E+00  0.92018075E-03  0.28881065E-01  0.00000000E+00  0.13766028E-02  0.00000000E+00  0.00000000E+00  0.17422993E-02  0.00000000E+00  0.00000000E+00  0.18790432E-02  0.00000000E+00  0.00000000E+00  0.17422993E-02  0.00000000E+00  0.00000000E+00  0.13766028E-02  0.00000000E+00  0.00000000E+00  0.92018075E-03  0.00000000E+00  0.52123710E-03  0.00000000E+00  0.40015875E-03  0.00000000E+00  0.00000000E+00  0.00000000E+00
  0.40015875E-03  0.52123710E-03  0.92018075E-03  0.00000000E+00 -0.10085217E+01  0.00000000E+00  0.83724377E-02  0.00000000E+00  0.00000000E+00  0.18790432E-02  0.96258714E+00  0.00000000E+00  0.17422993E-02  0.00000000E+00  0.00000000E+00  0.13766028E-02  0.00000000E+00  0.28881065E-01  0.92018075E-03  0.00000000E+00  0.00000000E+00  0.52123710E-03  0.00000000E+00  0.00000000E+00  0.40015875E-03  0.00000000E+00  0.00000000E+00  0.00000000E+00  0.00000000E+00  0.00000000E+00  0.00000000E+00  0.00000000E+00  0.00000000E+00
  0.00000000E+00  0.28881065E-01  0.00000000E+00  0.40015875E-03  0.00000000E+00 -0.82286516E-01  0.00000000E+00  0.14165804E-01  0.00000000E+00  0.00000000E+00  0.13766028E-02  0.28881065E-01  0.00000000E+00  0.17422993E-02  0.00000000E+00  0.00000000E+00  0.18790432E-02  0.00000000E+00  0.00000000E+00  0.17422993E-02  0.00000000E+00  0.00000000E+00  0.13766028E-02  0.00000000E+00  0.00000000E+00  0.92018075E-03  0.00000000E+00  0.52123710E-03  0.00000000E+00  0.40015875E-03  0.00000000E+00  0.00000000E+00  0.00000000E+00
  0.40015875E-03  0.52123710E-03  0.92018075E-03  0.00000000E+00  0.13766028E-02  0.00000000E+00 -0.10048559E+01  0.00000000E+00  0.00000000E+00  0.52090432E-02  0.00000000E+00  0.00000000E+00  0.17422993E-02  0.96258714E+00  0.00000000E+00  0.13766028E-02  0.00000000E+00  0.00000000E+00  0.92018075E-03  0.00000000E+00  0.28881065E-01  0.52123710E-03  0.00000000E+00  0.00000000E+00  0.40015875E-03  0.00000000E+00  0.00000000E+00  0.00000000E+00  0.00000000E+00  0.00000000E+00  0.00000000E+00  0.00000000E+00  0.00000000E+00
  0.00000000E+00  0.00000000E+00  0.28881065E-01  0.40015875E-03  0.00000000E+00  0.52123710E-03  0.00000000E+00 -0.78579536E-01  0.00000000E+00  0.00000000E+00  0.11314190E-01  0.00000000E+00  0.00000000E+00  0.17422993E-02  0.28881065E-01  0.00000000E+00  0.18790432E-02  0.00000000E+00  0.00000000E+00  0.17422993E-02  0.00000000E+00  0.00000000E+00  0.13766028E-02  0.00000000E+00  0.00000000E+00  0.92018075E-03  0.00000000E+00  0.52123710E-03  0.00000000E+00  0.40015875E-03  0.00000000E+00  0.00000000E+00  0.00000000E+00
  0.28881065E-01  0.00000000E+00  0.00000000E+00  0.96258714E+00  0.00000000E+00  0.00000000E+00  0.00000000E+00  0.00000000E+00 -0.10194219E+01  0.00000000E+00  0.00000000E+00  0.17075083E-01  0.00000000E+00  0.00000000E+00  0.92018075E-03  0.00000000E+00  0.00000000E+00  0.13766028E-02  0.00000000E+00  0.00000000E+00  0.17422993E-02  0.00000000E+00  0.00000000E+00  0.18790432E-02  0.00000000E+00  0.00000000E+00  0.17422993E-02  0.00000000E+00  0.13766028E-02  0.00000000E+00  0.92018075E-03  0.52123710E-03  0.40015875E-03
  0.40015875E-03  0.52123710E-03  0.92018075E-03  0.00000000E+00  0.13766028E-02  0.00000000E+00  0.17422993E-02  0.00000000E+00  0.00000000E+00 -0.10013892E+01  0.00000000E+00  0.00000000E+00  0.17422993E-02  0.00000000E+00  0.00000000E+00  0.13766028E-02  0.96258714E+00  0.00000000E+00  0.92018075E-03  0.00000000E+00  0.00000000E+00  0.52123710E-03  0.00000000E+00  0.28881065E-01  0.40015875E-03  0.00000000E+00  0.00000000E+00  0.00000000E+00  0.00000000E+00  0.00000000E+00  0.00000000E+00  0.00000000E+00  0.00000000E+00
  0.00000000E+00  0.00000000E+00  0.00000000E+00  0.40015875E-03  0.28881065E-01  0.52123710E-03  0.00000000E+00  0.92018075E-03  0.00000000E+00  0.00000000E+00 -0.74815665E-01  0.00000000E+00  0.00000000E+00  0.83724377E-02  0.00000000E+00  0.00000000E+00  0.18790432E-02  0.28881065E-01  0.00000000E+00  0.17422993E-02  0.00000000E+00  0.00000000E+00  0.13766028E-02  0.00000000E+00  0.00000000E+00  0.92018075E-03  0.00000000E+00  0.52123710E-03  0.00000000E+00  0.40015875E-03  0.00000000E+00  0.00000000E+00  0.00000000E+00
  0.00000000E+00  0.28881065E-01  0.00000000E+00  0.00000000E+00  0.00000000E+00  0.96258714E+00  0.00000000E+00  0.00000000E+00  0.40015875E-03  0.00000000E+00  0.00000000E+00 -0.10159926E+01  0.00000000E+00  0.00000000E+00  0.14165804E-01  0.00000000E+00  0.00000000E+00  0.13766028E-02  0.00000000E+00  0.00000000E+00  0.17422993E-02  0.00000000E+00  0.00000000E+00  0.18790432E-02  0.00000000E+00  0.00000000E+00  0.17422993E-02  0.00000000E+00  0.13766028E-02  0.00000000E+00  0.92018075E-03  0.52123710E-03  0.40015875E-03
  0.40015875E-03  0.52123710E-03  0.92018075E-03  0.00000000E+00  0.13766028E-02  0.00000000E+00  0.17422993E-02  0.00000000E+00  0.00000000E+00  0.52090432E-02  0.00000000E+00  0.00000000E+00 -0.10048559E+01  0.00000000E+00  0.00000000E+00  0.13766028E-02  0.00000000E+00  0.00000000E+00  0.92018075E-03  0.96258714E+00  0.00000000E+00  0.52123710E-03  0.00000000E+00  0.00000000E+00  0.40015875E-03  0.00000000E+00  0.28881065E-01  0.00000000E+00  0.00000000E+00  0.00000000E+00  0.00000000E+00  0.00000000E+00  0.00000000E+00
  0.00000000E+00  0.00000000E+00  0.00000000E+00  0.40015875E-03  0.00000000E+00  0.52123710E-03  0.28881065E-01  0.92018075E-03  0.00000000E+00  0.00000000E+00  0.13766028E-02  0.00000000E+00  0.00000000E+00 -0.71149830E-01  0.00000000E+00  0.00000000E+00  0.52090432E-02  0.00000000E+00  0.00000000E+00  0.17422993E-02  0.28881065E-01  0.00000000E+00  0.13766028E-02  0.00000000E+00  0.00000000E+00  0.92018075E-03  0.00000000E+00  0.52123710E-03  0.00000000E+00  0.40015875E-03  0.00000000E+00  0.00000000E+00  0.00000000E+00
  0.00000000E+00  0.00000000E+00  0.28881065E-01  0.00000000E+00  0.00000000E+00  0.00000000E+00  0.00000000E+00  0.96258714E+00  0.40015875E-03  0.00000000E+00  0.00000000E+00  0.52123710E-03  0.00000000E+00  0.00000000E+00 -0.10122856E+01  0.00000000E+00  0.00000000E+00  0.11314190E-01  0.00000000E+00  0.00000000E+00  0.17422993E-02  0.00000000E+00  0.00000000E+00  0.18790432E-02  0.00000000E+00  0.00000000E+00  0.17422993E-02  0.00000000E+00  0.13766028E-02  0.00000000E+00  0.92018075E-03  0.52123710E-03  0.40015875E-03
  0.40015875E-03  0.52123710E-03  0.92018075E-03  0.00000000E+00  0.13766028E-02  0.00000000E+00  0.17422993E-02  0.00000000E+00  0.00000000E+00  0.18790432E-02  0.00000000E+00  0.00000000E+00  0.83724377E-02  0.00000000E+00  0.00000000E+00 -0.10085217E+01  0.00000000E+00  0.00000000E+00  0.92018075E-03  0.00000000E+00  0.00000000E+00  0.52123710E-03  0.96258714E+00  0.00000000E+00  0.40015875E-03  0.00000000E+00  0.00000000E+00  0.00000000E+00  0.28881065E-01  0.00000000E+00  0.00000000E+00  0.00000000E+00  0.00000000E+00
  0.00000000E+00  0.00000000E+00  0.00000000E+00  0.40015875E-03  0.00000000E+00  0.52123710E-03  0.00000000E+00  0.92018075E-03  0.00000000E+00  0.28881065E-01  0.13766028E-02  0.00000000E+00  0.00000000E+00  0.17422993E-02  0.00000000E+00  0.00000000E+00 -0.67683086E-01  0.00000000E+00  0.00000000E+00  0.17422993E-02  0.00000000E+00  0.00000000E+00  0.13766028E-02  0.28881065E-01  0.00000000E+00  0.92018075E-03  0.00000000E+00  0.52123710E-03  0.00000000E+00  0.40015875E-03  0.00000000E+00  0.00000000E+00  0.00000000E+00
  0.00000000E+00  0.00000000E+00  0.00000000E+00  0.00000000E+00  0.28881065E-01  0.00000000E+00  0.00000000E+00  0.00000000E+00  0.40015875E-03  0.00000000E+00  0.96258714E+00  0.52123710E-03  0.00000000E+00  0.00000000E+00  0.92018075E-03  0.00000000E+00  0.00000000E+00 -0.10085217E+01  0.00000000E+00  0.00000000E+00  0.83724377E-02  0.00000000E+00  0.00000000E+00  0.18790432E-02  0.00000000E+00  0.00000000E+00  0.17422993E-02  0.00000000E+00  0.13766028E-02  0.00000000E+00  0.92018075E-03  0.52123710E-03  0.40015875E-03
  0.40015875E-03  0.52123710E-03  0.92018075E-03  0.00000000E+00  0.13766028E-02  0.00000000E+00  0.17422993E-02  0.00000000E+00  0.00000000E+00  0.18790432E-02  0.00000000E+00  0.00000000E+00  0.17422993E-02  0.00000000E+00  0.00000000E+00  0.11314190E-01  0.00000000E+00  0.00000000E+00 -0.10122856E+01  0.00000000E+00  0.00000000E+00  0.52123710E-03  0.00000000E+00  0.00000000E+00  0.40015875E-03  0.96258714E+00  0.00000000E+00  0.00000000E+00  0.00000000E+00  0.00000000E+00  0.28881065E-01  0.00000000E+00  0.00000000E+00
  0.00000000E+00  0.00000000E+00  0.00000000E+00  0.40015875E-03  0.00000000E+00  0.52123710E-03  0.00000000E+00  0.92018075E-03  0.00000000E+00  0.00000000E+00  0.13766028E-02  0.00000000E+00  0.28881065E-01  0.17422993E-02  0.00000000E+00  0.00000000E+00  0.52090432E-02  0.00000000E+00  0.00000000E+00 -0.71149830E-01  0.00000000E+00  0.00000000E+00  0.13766028E-02  0.00000000E+00  0.00000000E+00  0.92018075E-03  0.28881065E-01  0.52123710E-03  0.00000000E+00  0.40015875E-03  0.00000000E+00  0.00000000E+00  0.00000000E+00
  0.00000000E+00  0.00000000E+00  0.00000000E+00  0.00000000E+00  0.00000000E+00  0.00000000E+00  0.28881065E-01  0.00000000E+00  0.40015875E-03  0.00000000E+00  0.00000000E+00  0.52123710E-03  0.00000000E+00  0.96258714E+00  0.92018075E-03  0.00000000E+00  0.00000000E+00  0.13766028E-02  0.00000000E+00  0.00000000E+00 -0.10048559E+01  0.00000000E+00  0.00000000E+00  0.52090432E-02  0.00000000E+00  0.00000000E+00  0.17422993E-02  0.00000000E+00  0.13766028E-02  0.00000000E+00  0.92018075E-03  0.52123710E-03  0.40015875E-03
  0.40015875E-03  0.52123710E-03  0.92018075E-03  0.00000000E+00  0.13766028E-02  0.00000000E+00  0.17422993E-02  0.00000000E+00  0.00000000E+00  0.18790432E-02  0.00000000E+00  0.00000000E+00  0.17422993E-02  0.00000000E+00  0.00000000E+00  0.13766028E-02  0.00000000E+00  0.00000000E+00  0.14165804E-01  0.00000000E+00  0.00000000E+00 -0.10159926E+01  0.00000000E+00  0.00000000E+00  0.40015875E-03  0.00000000E+00  0.00000000E+00  0.96258714E+00  0.00000000E+00  0.00000000E+00  0.00000000E+00  0.28881065E-01  0.00000000E+00
  0.00000000E+00  0.00000000E+00  0.00000000E+00  0.40015875E-03  0.00000000E+00  0.52123710E-03  0.00000000E+00  0.92018075E-03  0.00000000E+00  0.00000000E+00  0.13766028E-02  0.00000000E+00  0.00000000E+00  0.17422993E-02  0.00000000E+00  0.28881065E-01  0.18790432E-02  0.00000000E+00  0.00000000E+00  0.83724377E-02  0.00000000E+00  0.00000000E+00 -0.74815665E-01  0.00000000E+00  0.00000000E+00  0.92018075E-03  0.00000000E+00  0.52123710E-03  0.28881065E-01  0.40015875E-03  0.00000000E+00  0.00000000E+00  0.00000000E+00
  0.00000000E+00  0.00000000E+00  0.00000000E+00  0.00000000E+00  0.00000000E+00  0.00000000E+00  0.00000000E+00  0.00000000E+00  0.40015875E-03  0.28881065E-01  0.00000000E+00  0.52123710E-03  0.00000000E+00  0.00000000E+00  0.92018075E-03  0.00000000E+00  0.96258714E+00  0.13766028E-02  0.00000000E+00  0.00000000E+00  0.17422993E-02  0.00000000E+00  0.00000000E+00 -0.10013892E+01  0.00000000E+00  0.00000000E+00  0.17422993E-02  0.00000000E+00  0.13766028E-02  0.00000000E+00  0.92018075E-03  0.52123710E-03  0.40015875E-03
  0.40015875E-03  0.52123710E-03  0.92018075E-03  0.00000000E+00  0.13766028E-02  0.00000000E+00  0.17422993E-02  0.00000000E+00  0.00000000E+00  0.18790432E-02  0.00000000E+00  0.00000000E+00  0.17422993E-02  0.00000000E+00  0.00000000E+00  0.13766028E-02  0.00000000E+00  0.00000000E+00  0.92018075E-03  0.00000000E+00  0.00000000E+00  0.17075083E-01  0.00000000E+00  0.00000000E+00 -0.10194219E+01  0.00000000E+00  0.00000000E+00  0.00000000E+00  0.00000000E+00  0.96258714E+00  0.00000000E+00  0.00000000E+00  0.28881065E-01
  0.00000000E+00  0.00000000E+00  0.00000000E+00  0.40015875E-03  0.00000000E+00  0.52123710E-03  0.00000000E+00  0.92018075E-03  0.00000000E+00  0.00000000E+00  0.13766028E-02  0.00000000E+00  0.00000000E+00  0.17422993E-02  0.00000000E+00  0.00000000E+00  0.18790432E-02  0.00000000E+00  0.28881065E-01  0.17422993E-02  0.00000000E+00  0.00000000E+00  0.11314190E-01  0.00000000E+00  0.00000000E+00 -0.78579536E-01  0.00000000E+00  0.52123710E-03  0.00000000E+00  0.40015875E-03  0.28881065E-01  0.00000000E+00  0.00000000E+00
  0.00000000E+00  0.00000000E+00  0.00000000E+00  0.00000000E+00  0.00000000E+00  0.00000000E+00  0.00000000E+00  0.00000000E+00  0.40015875E-03  0.00000000E+00  0.00000000E+00  0.52123710E-03  0.28881065E-01  0.00000000E+00  0.92018075E-03  0.00000000E+00  0.00000000E+00  0.13766028E-02  0.00000000E+00  0.96258714E+00  0.17422993E-02  0.00000000E+00  0.00000000E+00  0.52090432E-02  0.00000000E+00  0.00000000E+00 -0.10048559E+01  0.00000000E+00  0.13766028E-02  0.00000000E+00  0.92018075E-03  0.52123710E-03  0.40015875E-03
  0.00000000E+00  0.00000000E+00  0.00000000E+00  0.40015875E-03  0.00000000E+00  0.52123710E-03  0.00000000E+00  0.92018075E-03  0.00000000E+00  0.00000000E+00  0.13766028E-02  0.00000000E+00  0.00000000E+00  0.17422993E-02  0.00000000E+00  0.00000000E+00  0.18790432E-02  0.00000000E+00  0.00000000E+00  0.17422993E-02  0.00000000E+00  0.28881065E-01  0.13766028E-02  0.00000000E+00  0.00000000E+00  0.14165804E-01  0.00000000E+00 -0.82286516E-01  0.00000000E+00  0.40015875E-03  0.00000000E+00  0.28881065E-01  0.00000000E+00
  0.00000000E+00  0.00000000E+00  0.00000000E+00  0.00000000E+00  0.00000000E+00  0.00000000E+00  0.00000000E+00  0.00000000E+00  0.40015875E-03  0.00000000E+00  0.00000000E+00  0.52123710E-03  0.00000000E+00  0.00000000E+00  0.92018075E-03  0.28881065E-01  0.00000000E+00  0.13766028E-02  0.00000000E+00  0.00000000E+00  0.17422993E-02  0.00000000E+00  0.96258714E+00  0.18790432E-02  0.00000000E+00  0.00000000E+00  0.83724377E-02  0.00000000E+00 -0.10085217E+01  0.00000000E+00  0.92018075E-03  0.52123710E-03  0.40015875E-03
  0.00000000E+00  0.00000000E+00  0.00000000E+00  0.40015875E-03  0.00000000E+00  0.52123710E-03  0.00000000E+00  0.92018075E-03  0.00000000E+00  0.00000000E+00  0.13766028E-02  0.00000000E+00  0.00000000E+00  0.17422993E-02  0.00000000E+00  0.00000000E+00  0.18790432E-02  0.00000000E+00  0.00000000E+00  0.17422993E-02  0.00000000E+00  0.00000000E+00  0.13766028E-02  0.00000000E+00  0.28881065E-01  0.92018075E-03  0.00000000E+00  0.17075083E-01  0.00000000E+00 -0.85715817E-01  0.00000000E+00  0.00000000E+00  0.28881065E-01
  0.00000000E+00  0.00000000E+00  0.00000000E+00  0.00000000E+00  0.00000000E+00  0.00000000E+00  0.00000000E+00  0.00000000E+00  0.40015875E-03  0.00000000E+00  0.00000000E+00  0.52123710E-03  0.00000000E+00  0.00000000E+00  0.92018075E-03  0.00000000E+00  0.00000000E+00  0.13766028E-02  0.28881065E-01  0.00000000E+00  0.17422993E-02  0.00000000E+00  0.00000000E+00  0.18790432E-02  0.00000000E+00  0.96258714E+00  0.17422993E-02  0.00000000E+00  0.11314190E-01  0.00000000E+00 -0.10122856E+01  0.52123710E-03  0.40015875E-03
  0.00000000E+00  0.00000000E+00  0.00000000E+00  0.00000000E+00  0.00000000E+00  0.00000000E+00  0.00000000E+00  0.00000000E+00  0.40015875E-03  0.00000000E+00  0.00000000E+00  0.52123710E-03  0.00000000E+00  0.00000000E+00  0.92018075E-03  0.00000000E+00  0.00000000E+00  0.13766028E-02  0.00000000E+00  0.00000000E+00  0.17422993E-02  0.28881065E-01  0.00000000E+00  0.18790432E-02  0.00000000E+00  0.00000000E+00  0.17422993E-02  0.96258714E+00  0.13766028E-02  0.00000000E+00  0.14165804E-01 -0.10159926E+01  0.40015875E-03
  0.00000000E+00  0.00000000E+00  0.00000000E+00  0.00000000E+00  0.00000000E+00  0.00000000E+00  0.00000000E+00  0.00000000E+00  0.40015875E-03  0.00000000E+00  0.00000000E+00  0.52123710E-03  0.00000000E+00  0.00000000E+00  0.92018075E-03  0.00000000E+00  0.00000000E+00  0.13766028E-02  0.00000000E+00  0.00000000E+00  0.17422993E-02  0.00000000E+00  0.00000000E+00  0.18790432E-02  0.28881065E-01  0.00000000E+00  0.17422993E-02  0.00000000E+00  0.13766028E-02  0.96258714E+00  0.92018075E-03  0.17075083E-01 -0.10194219E+01
