  0.31844016E+00  0.54834288E-02  0.32634514E-03  0.63485407E+00  0.44888971E-03  0.10931966E-01  0.56848626E-03  0.65061372E-03  0.19047898E-01  0.61408520E-03  0.89492311E-03  0.32799817E-03  0.56848624E-03  0.11333552E-02  0.19520744E-04  0.44884538E-03  0.12242629E-02  0.26850901E-04  0.29975285E-03  0.11333552E-02  0.34004718E-04  0.16991385E-03  0.89483472E-03  0.36732277E-04  0.12966436E-03  0.59759836E-03  0.34004717E-04  0.33874654E-03  0.26848249E-04  0.25850366E-03  0.17930093E-04  0.10163610E-04  0.77560364E-05
  0.12966436E-03  0.31954230E+00  0.45620105E-02  0.25850366E-03  0.46483581E-03  0.63705133E+00  0.56850401E-03  0.90949927E-02  0.77560364E-05  0.61408521E-03  0.92671383E-03  0.19113823E-01  0.56848624E-03  0.11333906E-02  0.27288238E-03  0.44884538E-03  0.12242630E-02  0.27804737E-04  0.29975285E-03  0.11333552E-02  0.34005780E-04  0.16991385E-03  0.89483472E-03  0.36732277E-04  0.12966436E-03  0.59759836E-03  0.34004717E-04  0.33874654E-03  0.26848249E-04  0.25850366E-03  0.17930093E-04  0.10163610E-04  0.77560364E-05
  0.12966436E-03  0.16991385E-03  0.32073662E+00  0.25850366E-03  0.36546093E-02  0.33874654E-03  0.57650360E-03  0.63943237E+00  0.77560364E-05  0.61408968E-03  0.72859641E-02  0.10163610E-04  0.56848624E-03  0.11493389E-02  0.19185263E-01  0.44884538E-03  0.12242719E-02  0.21860504E-03  0.29975285E-03  0.11333552E-02  0.34484286E-04  0.16991385E-03  0.89483472E-03  0.36732544E-04  0.12966436E-03  0.59759836E-03  0.34004717E-04  0.33874654E-03  0.26848249E-04  0.25850366E-03  0.17930093E-04  0.10163610E-04  0.77560364E-05
  0.19047898E-01  0.32799817E-03  0.19520744E-04  0.93424634E+00  0.26850901E-04  0.16087397E-01  0.34004718E-04  0.95743811E-03  0.19047898E-01  0.36732277E-04  0.13169619E-02  0.32799817E-03  0.34004717E-04  0.16678367E-02  0.19520744E-04  0.26848249E-04  0.18016159E-02  0.26850901E-04  0.17930093E-04  0.16678367E-02  0.34004718E-04  0.10163610E-04  0.13168318E-02  0.36732277E-04  0.77560364E-05  0.87942111E-03  0.34004717E-04  0.49849678E-03  0.26848249E-04  0.38041199E-03  0.17930093E-04  0.10163610E-04  0.77560364E-05
  0.12966436E-03  0.16991385E-03  0.29975285E-03  0.25850366E-03  0.32195266E+00  0.33874654E-03  0.27126319E-02  0.59759836E-03  0.77560364E-05  0.61677623E-03  0.64185671E+00  0.10163610E-04  0.56848624E-03  0.54080032E-02  0.17930093E-04  0.44884538E-03  0.12296279E-02  0.19258002E-01  0.29975285E-03  0.11333552E-02  0.16225948E-03  0.16991385E-03  0.89483472E-03  0.36893243E-04  0.12966436E-03  0.59759836E-03  0.34004717E-04  0.33874654E-03  0.26848249E-04  0.25850366E-03  0.17930093E-04  0.10163610E-04  0.77560364E-05
  0.77560364E-05  0.19113823E-01  0.27288238E-03  0.38041199E-03  0.27804737E-04  0.93747980E+00  0.34005780E-04  0.13384121E-01  0.77560364E-05  0.36732277E-04  0.13637449E-02  0.19113823E-01  0.34004717E-04  0.16678888E-02  0.27288238E-03  0.26848249E-04  0.18016159E-02  0.27804737E-04  0.17930093E-04  0.16678367E-02  0.34005780E-04  0.10163610E-04  0.13168318E-02  0.36732277E-04  0.77560364E-05  0.87942111E-03  0.34004717E-04  0.49849678E-03  0.26848249E-04  0.38041199E-03  0.17930093E-04  0.10163610E-04  0.77560364E-05
  0.12966436E-03  0.16991385E-03  0.29975285E-03  0.25850366E-03  0.44884538E-03  0.33874654E-03  0.32313954E+00  0.59759836E-03  0.77560364E-05  0.16936776E-02  0.89483472E-03  0.10163610E-04  0.56848624E-03  0.64422293E+00  0.17930093E-04  0.44884538E-03  0.33765782E-02  0.26848249E-04  0.29975285E-03  0.11333552E-02  0.19328997E-01  0.16991385E-03  0.89483472E-03  0.10130945E-03  0.12966436E-03  0.59759836E-03  0.34004717E-04  0.33874654E-03  0.26848249E-04  0.25850366E-03  0.17930093E-04  0.10163610E-04  0.77560364E-05
  0.77560364E-05  0.10163610E-04  0.19185263E-01  0.38041199E-03  0.21860504E-03  0.49849678E-03  0.34484286E-04  0.94098372E+00  0.77560364E-05  0.36732544E-04  0.10721968E-01  0.10163610E-04  0.34004717E-04  0.16913582E-02  0.19185263E-01  0.26848249E-04  0.18016290E-02  0.21860504E-03  0.17930093E-04  0.16678367E-02  0.34484286E-04  0.10163610E-04  0.13168318E-02  0.36732544E-04  0.77560364E-05  0.87942111E-03  0.34004717E-04  0.49849678E-03  0.26848249E-04  0.38041199E-03  0.17930093E-04  0.10163610E-04  0.77560364E-05
  0.19047898E-01  0.32799817E-03  0.19520744E-04  0.63485407E+00  0.26850901E-04  0.10931966E-01  0.34004718E-04  0.65061372E-03  0.31844016E+00  0.36732277E-04  0.89492311E-03  0.54834288E-02  0.34004717E-04  0.11333552E-02  0.32634514E-03  0.26848249E-04  0.12242629E-02  0.44888971E-03  0.17930093E-04  0.11333552E-02  0.56848626E-03  0.10163610E-04  0.89483472E-03  0.61408520E-03  0.77560364E-05  0.59759836E-03  0.56848624E-03  0.33874654E-03  0.44884538E-03  0.25850366E-03  0.29975285E-03  0.16991385E-03  0.12966436E-03
  0.12966436E-03  0.16991385E-03  0.29975285E-03  0.25850366E-03  0.44884538E-03  0.33874654E-03  0.56848624E-03  0.59759836E-03  0.77560364E-05  0.32426474E+00  0.89483472E-03  0.10163610E-04  0.56848624E-03  0.11333552E-02  0.17930093E-04  0.44884538E-03  0.64646615E+00  0.26848249E-04  0.29975285E-03  0.11333552E-02  0.34004717E-04  0.16991385E-03  0.89483472E-03  0.19396302E-01  0.12966436E-03  0.59759836E-03  0.34004717E-04  0.33874654E-03  0.26848249E-04  0.25850366E-03  0.17930093E-04  0.10163610E-04  0.77560364E-05
  0.77560364E-05  0.10163610E-04  0.17930093E-04  0.38041199E-03  0.19258002E-01  0.49849678E-03  0.16225948E-03  0.87942111E-03  0.77560364E-05  0.36893243E-04  0.94455137E+00  0.10163610E-04  0.34004717E-04  0.79583756E-02  0.17930093E-04  0.26848249E-04  0.18095108E-02  0.19258002E-01  0.17930093E-04  0.16678367E-02  0.16225948E-03  0.10163610E-04  0.13168318E-02  0.36893243E-04  0.77560364E-05  0.87942111E-03  0.34004717E-04  0.49849678E-03  0.26848249E-04  0.38041199E-03  0.17930093E-04  0.10163610E-04  0.77560364E-05
  0.77560364E-05  0.19113823E-01  0.27288238E-03  0.25850366E-03  0.27804737E-04  0.63705133E+00  0.34005780E-04  0.90949927E-02  0.12966436E-03  0.36732277E-04  0.92671383E-03  0.31954230E+00  0.34004717E-04  0.11333906E-02  0.45620105E-02  0.26848249E-04  0.12242630E-02  0.46483581E-03  0.17930093E-04  0.11333552E-02  0.56850401E-03  0.10163610E-04  0.89483472E-03  0.61408521E-03  0.77560364E-05  0.59759836E-03  0.56848624E-03  0.33874654E-03  0.44884538E-03  0.25850366E-03  0.29975285E-03  0.16991385E-03  0.12966436E-03
  0.12966436E-03  0.16991385E-03  0.29975285E-03  0.25850366E-03  0.44884538E-03  0.33874654E-03  0.56848624E-03  0.59759836E-03  0.77560364E-05  0.16936776E-02  0.89483472E-03  0.10163610E-04  0.32313954E+00  0.11333552E-02  0.17930093E-04  0.44884538E-03  0.33765782E-02  0.26848249E-04  0.29975285E-03  0.64422293E+00  0.34004717E-04  0.16991385E-03  0.89483472E-03  0.10130945E-03  0.12966436E-03  0.59759836E-03  0.19328997E-01  0.33874654E-03  0.26848249E-04  0.25850366E-03  0.17930093E-04  0.10163610E-04  0.77560364E-05
  0.77560364E-05  0.10163610E-04  0.17930093E-04  0.38041199E-03  0.26848249E-04  0.49849678E-03  0.19328997E-01  0.87942111E-03  0.77560364E-05  0.10130945E-03  0.13168318E-02  0.10163610E-04  0.34004717E-04  0.94803348E+00  0.17930093E-04  0.26848249E-04  0.49689463E-02  0.26848249E-04  0.17930093E-04  0.16678367E-02  0.19328997E-01  0.10163610E-04  0.13168318E-02  0.10130945E-03  0.77560364E-05  0.87942111E-03  0.34004717E-04  0.49849678E-03  0.26848249E-04  0.38041199E-03  0.17930093E-04  0.10163610E-04  0.77560364E-05
  0.77560364E-05  0.10163610E-04  0.19185263E-01  0.25850366E-03  0.21860504E-03  0.33874654E-03  0.34484286E-04  0.63943237E+00  0.12966436E-03  0.36732544E-04  0.72859641E-02  0.16991385E-03  0.34004717E-04  0.11493389E-02  0.32073662E+00  0.26848249E-04  0.12242719E-02  0.36546093E-02  0.17930093E-04  0.11333552E-02  0.57650360E-03  0.10163610E-04  0.89483472E-03  0.61408968E-03  0.77560364E-05  0.59759836E-03  0.56848624E-03  0.33874654E-03  0.44884538E-03  0.25850366E-03  0.29975285E-03  0.16991385E-03  0.12966436E-03
  0.12966436E-03  0.16991385E-03  0.29975285E-03  0.25850366E-03  0.44884538E-03  0.33874654E-03  0.56848624E-03  0.59759836E-03  0.77560364E-05  0.61677623E-03  0.89483472E-03  0.10163610E-04  0.27126319E-02  0.11333552E-02  0.17930093E-04  0.32195266E+00  0.12296279E-02  0.26848249E-04  0.29975285E-03  0.54080032E-02  0.34004717E-04  0.16991385E-03  0.64185671E+00  0.36893243E-04  0.12966436E-03  0.59759836E-03  0.16225948E-03  0.33874654E-03  0.19258002E-01  0.25850366E-03  0.17930093E-04  0.10163610E-04  0.77560364E-05
  0.77560364E-05  0.10163610E-04  0.17930093E-04  0.38041199E-03  0.26848249E-04  0.49849678E-03  0.34004717E-04  0.87942111E-03  0.77560364E-05  0.19396302E-01  0.13168318E-02  0.10163610E-04  0.34004717E-04  0.16678367E-02  0.17930093E-04  0.26848249E-04  0.95133459E+00  0.26848249E-04  0.17930093E-04  0.16678367E-02  0.34004717E-04  0.10163610E-04  0.13168318E-02  0.19396302E-01  0.77560364E-05  0.87942111E-03  0.34004717E-04  0.49849678E-03  0.26848249E-04  0.38041199E-03  0.17930093E-04  0.10163610E-04  0.77560364E-05
  0.77560364E-05  0.10163610E-04  0.17930093E-04  0.25850366E-03  0.19258002E-01  0.33874654E-03  0.16225948E-03  0.59759836E-03  0.12966436E-03  0.36893243E-04  0.64185671E+00  0.16991385E-03  0.34004717E-04  0.54080032E-02  0.29975285E-03  0.26848249E-04  0.12296279E-02  0.32195266E+00  0.17930093E-04  0.11333552E-02  0.27126319E-02  0.10163610E-04  0.89483472E-03  0.61677623E-03  0.77560364E-05  0.59759836E-03  0.56848624E-03  0.33874654E-03  0.44884538E-03  0.25850366E-03  0.29975285E-03  0.16991385E-03  0.12966436E-03
  0.12966436E-03  0.16991385E-03  0.29975285E-03  0.25850366E-03  0.44884538E-03  0.33874654E-03  0.56848624E-03  0.59759836E-03  0.77560364E-05  0.61408968E-03  0.89483472E-03  0.10163610E-04  0.57650360E-03  0.11333552E-02  0.17930093E-04  0.36546093E-02  0.12242719E-02  0.26848249E-04  0.32073662E+00  0.11493389E-02  0.34004717E-04  0.16991385E-03  0.72859641E-02  0.36732544E-04  0.12966436E-03  0.63943237E+00  0.34484286E-04  0.33874654E-03  0.21860504E-03  0.25850366E-03  0.19185263E-01  0.10163610E-04  0.77560364E-05
  0.77560364E-05  0.10163610E-04  0.17930093E-04  0.38041199E-03  0.26848249E-04  0.49849678E-03  0.34004717E-04  0.87942111E-03  0.77560364E-05  0.10130945E-03  0.13168318E-02  0.10163610E-04  0.19328997E-01  0.16678367E-02  0.17930093E-04  0.26848249E-04  0.49689463E-02  0.26848249E-04  0.17930093E-04  0.94803348E+00  0.34004717E-04  0.10163610E-04  0.13168318E-02  0.10130945E-03  0.77560364E-05  0.87942111E-03  0.19328997E-01  0.49849678E-03  0.26848249E-04  0.38041199E-03  0.17930093E-04  0.10163610E-04  0.77560364E-05
  0.77560364E-05  0.10163610E-04  0.17930093E-04  0.25850366E-03  0.26848249E-04  0.33874654E-03  0.19328997E-01  0.59759836E-03  0.12966436E-03  0.10130945E-03  0.89483472E-03  0.16991385E-03  0.34004717E-04  0.64422293E+00  0.29975285E-03  0.26848249E-04  0.33765782E-02  0.44884538E-03  0.17930093E-04  0.11333552E-02  0.32313954E+00  0.10163610E-04  0.89483472E-03  0.16936776E-02  0.77560364E-05  0.59759836E-03  0.56848624E-03  0.33874654E-03  0.44884538E-03  0.25850366E-03  0.29975285E-03  0.16991385E-03  0.12966436E-03
  0.12966436E-03  0.16991385E-03  0.29975285E-03  0.25850366E-03  0.44884538E-03  0.33874654E-03  0.56848624E-03  0.59759836E-03  0.77560364E-05  0.61408521E-03  0.89483472E-03  0.10163610E-04  0.56850401E-03  0.11333552E-02  0.17930093E-04  0.46483581E-03  0.12242630E-02  0.26848249E-04  0.45620105E-02  0.11333906E-02  0.34004717E-04  0.31954230E+00  0.92671383E-03  0.36732277E-04  0.12966436E-03  0.90949927E-02  0.34005780E-04  0.63705133E+00  0.27804737E-04  0.25850366E-03  0.27288238E-03  0.19113823E-01  0.77560364E-05
  0.77560364E-05  0.10163610E-04  0.17930093E-04  0.38041199E-03  0.26848249E-04  0.49849678E-03  0.34004717E-04  0.87942111E-03  0.77560364E-05  0.36893243E-04  0.13168318E-02  0.10163610E-04  0.16225948E-03  0.16678367E-02  0.17930093E-04  0.19258002E-01  0.18095108E-02  0.26848249E-04  0.17930093E-04  0.79583756E-02  0.34004717E-04  0.10163610E-04  0.94455137E+00  0.36893243E-04  0.77560364E-05  0.87942111E-03  0.16225948E-03  0.49849678E-03  0.19258002E-01  0.38041199E-03  0.17930093E-04  0.10163610E-04  0.77560364E-05
  0.77560364E-05  0.10163610E-04  0.17930093E-04  0.25850366E-03  0.26848249E-04  0.33874654E-03  0.34004717E-04  0.59759836E-03  0.12966436E-03  0.19396302E-01  0.89483472E-03  0.16991385E-03  0.34004717E-04  0.11333552E-02  0.29975285E-03  0.26848249E-04  0.64646615E+00  0.44884538E-03  0.17930093E-04  0.11333552E-02  0.56848624E-03  0.10163610E-04  0.89483472E-03  0.32426474E+00  0.77560364E-05  0.59759836E-03  0.56848624E-03  0.33874654E-03  0.44884538E-03  0.25850366E-03  0.29975285E-03  0.16991385E-03  0.12966436E-03
  0.12966436E-03  0.16991385E-03  0.29975285E-03  0.25850366E-03  0.44884538E-03  0.33874654E-03  0.56848624E-03  0.59759836E-03  0.77560364E-05  0.61408520E-03  0.89483472E-03  0.10163610E-04  0.56848626E-03  0.11333552E-02  0.17930093E-04  0.44888971E-03  0.12242629E-02  0.26848249E-04  0.32634514E-03  0.11333552E-02  0.34004717E-04  0.54834288E-02  0.89492311E-03  0.36732277E-04  0.31844016E+00  0.65061372E-03  0.34004718E-04  0.10931966E-01  0.26850901E-04  0.63485407E+00  0.19520744E-04  0.32799817E-03  0.19047898E-01
  0.77560364E-05  0.10163610E-04  0.17930093E-04  0.38041199E-03  0.26848249E-04  0.49849678E-03  0.34004717E-04  0.87942111E-03  0.77560364E-05  0.36732544E-04  0.13168318E-02  0.10163610E-04  0.34484286E-04  0.16678367E-02  0.17930093E-04  0.21860504E-03  0.18016290E-02  0.26848249E-04  0.19185263E-01  0.16913582E-02  0.34004717E-04  0.10163610E-04  0.10721968E-01  0.36732544E-04  0.77560364E-05  0.94098372E+00  0.34484286E-04  0.49849678E-03  0.21860504E-03  0.38041199E-03  0.19185263E-01  0.10163610E-04  0.77560364E-05
  0.77560364E-05  0.10163610E-04  0.17930093E-04  0.25850366E-03  0.26848249E-04  0.33874654E-03  0.34004717E-04  0.59759836E-03  0.12966436E-03  0.10130945E-03  0.89483472E-03  0.16991385E-03  0.19328997E-01  0.11333552E-02  0.29975285E-03  0.26848249E-04  0.33765782E-02  0.44884538E-03  0.17930093E-04  0.64422293E+00  0.56848624E-03  0.10163610E-04  0.89483472E-03  0.16936776E-02  0.77560364E-05  0.59759836E-03  0.32313954E+00  0.33874654E-03  0.44884538E-03  0.25850366E-03  0.29975285E-03  0.16991385E-03  0.12966436E-03
  0.77560364E-05  0.10163610E-04  0.17930093E-04  0.38041199E-03  0.26848249E-04  0.49849678E-03  0.34004717E-04  0.87942111E-03  0.77560364E-05  0.36732277E-04  0.13168318E-02  0.10163610E-04  0.34005780E-04  0.16678367E-02  0.17930093E-04  0.27804737E-04  0.18016159E-02  0.26848249E-04  0.27288238E-03  0.16678888E-02  0.34004717E-04  0.19113823E-01  0.13637449E-02  0.36732277E-04  0.77560364E-05  0.13384121E-01  0.34005780E-04  0.93747980E+00  0.27804737E-04  0.38041199E-03  0.27288238E-03  0.19113823E-01  0.77560364E-05
  0.77560364E-05  0.10163610E-04  0.17930093E-04  0.25850366E-03  0.26848249E-04  0.33874654E-03  0.34004717E-04  0.59759836E-03  0.12966436E-03  0.36893243E-04  0.89483472E-03  0.16991385E-03  0.16225948E-03  0.11333552E-02  0.29975285E-03  0.19258002E-01  0.12296279E-02  0.44884538E-03  0.17930093E-04  0.54080032E-02  0.56848624E-03  0.10163610E-04  0.64185671E+00  0.61677623E-03  0.77560364E-05  0.59759836E-03  0.27126319E-02  0.33874654E-03  0.32195266E+00  0.25850366E-03  0.29975285E-03  0.16991385E-03  0.12966436E-03
  0.77560364E-05  0.10163610E-04  0.17930093E-04  0.38041199E-03  0.26848249E-04  0.49849678E-03  0.34004717E-04  0.87942111E-03  0.77560364E-05  0.36732277E-04  0.13168318E-02  0.10163610E-04  0.34004718E-04  0.16678367E-02  0.17930093E-04  0.26850901E-04  0.18016159E-02  0.26848249E-04  0.19520744E-04  0.16678367E-02  0.34004717E-04  0.32799817E-03  0.13169619E-02  0.36732277E-04  0.19047898E-01  0.95743811E-03  0.34004718E-04  0.16087397E-01  0.26850901E-04  0.93424634E+00  0.19520744E-04  0.32799817E-03  0.19047898E-01
  0.77560364E-05  0.10163610E-04  0.17930093E-04  0.25850366E-03  0.26848249E-04  0.33874654E-03  0.34004717E-04  0.59759836E-03  0.12966436E-03  0.36732544E-04  0.89483472E-03  0.16991385E-03  0.34484286E-04  0.11333552E-02  0.29975285E-03  0.21860504E-03  0.12242719E-02  0.44884538E-03  0.19185263E-01  0.11493389E-02  0.56848624E-03  0.10163610E-04  0.72859641E-02  0.61408968E-03  0.77560364E-05  0.63943237E+00  0.57650360E-03  0.33874654E-03  0.36546093E-02  0.25850366E-03  0.32073662E+00  0.16991385E-03  0.12966436E-03
  0.77560364E-05  0.10163610E-04  0.17930093E-04  0.25850366E-03  0.26848249E-04  0.33874654E-03  0.34004717E-04  0.59759836E-03  0.12966436E-03  0.36732277E-04  0.89483472E-03  0.16991385E-03  0.34005780E-04  0.11333552E-02  0.29975285E-03  0.27804737E-04  0.12242630E-02  0.44884538E-03  0.27288238E-03  0.11333906E-02  0.56848624E-03  0.19113823E-01  0.92671383E-03  0.61408521E-03  0.77560364E-05  0.90949927E-02  0.56850401E-03  0.63705133E+00  0.46483581E-03  0.25850366E-03  0.45620105E-02  0.31954230E+00  0.12966436E-03
  0.77560364E-05  0.10163610E-04  0.17930093E-04  0.25850366E-03  0.26848249E-04  0.33874654E-03  0.34004717E-04  0.59759836E-03  0.12966436E-03  0.36732277E-04  0.89483472E-03  0.16991385E-03  0.34004718E-04  0.11333552E-02  0.29975285E-03  0.26850901E-04  0.12242629E-02  0.44884538E-03  0.19520744E-04  0.11333552E-02  0.56848624E-03  0.32799817E-03  0.89492311E-03  0.61408520E-03  0.19047898E-01  0.65061372E-03  0.56848626E-03  0.10931966E-01  0.44888971E-03  0.63485407E+00  0.32634514E-03  0.54834288E-02  0.31844016E+00
